<blockquote style="padding: 40px; margin-left: -10;" title="educationPlatforms">
        <a  href="https://idea.org.uk/roa/THL3CSW2HD" aria-label="View the homepage">
            <svg xmlns:inkscape="http://www.inkscape.org/namespaces/inkscape" xmlns:sodipodi="http://sodipodi.sourceforge.net/DTD/sodipodi-0.dtd" xmlns="http://www.w3.org/2000/svg" xmlns:svg="http://www.w3.org/2000/svg" width="17.472618mm" height="17.472618mm" viewBox="0 0 17.472618 17.472618" version="1.1" id="svg11035" inkscape:export-filename="bitmap.png" inkscape:export-xdpi="96" inkscape:export-ydpi="96" inkscape:version="1.2.1 (9c6d41e410, 2022-07-14)" sodipodi:docname="drawing8.svg">
              <sodipodi:namedview id="namedview11037" pagecolor="#ffffff" bordercolor="#999999" borderopacity="1" inkscape:showpageshadow="0" inkscape:pageopacity="0" inkscape:pagecheckerboard="0" inkscape:deskcolor="#d1d1d1" inkscape:document-units="mm" showgrid="false" inkscape:zoom="4.3087087" inkscape:cx="1.8567048" inkscape:cy="23.672986" inkscape:window-width="1920" inkscape:window-height="1009" inkscape:window-x="-8" inkscape:window-y="-8" inkscape:window-maximized="1" inkscape:current-layer="layer1"/>
              <defs id="defs11032"/>
              <g inkscape:label="Layer 1" inkscape:groupmode="layer" id="layer1" transform="translate(-87.007112,-132.42553)">
                <g id="g15713" transform="matrix(0.59845309,0,0,0.59845309,56.639255,60.972238)">
                  <g id="g10701-8" transform="translate(1.1232536,18.822784)">
                    <g id="g10821-0-5-49-0" transform="translate(-17.0557,-46.450461)" style="fill:#606c76;fill-opacity:1">
                      <rect style="fill:#606c76;fill-opacity:1;stroke-width:0.258" id="rect1069-4-3-5-5" width="29.196302" height="29.196302" x="66.676369" y="147.02432" ry="0.97348827"/>
                      <rect style="fill:#008080;stroke-width:0.0734395" id="rect517-0-8-81-7" width="0.072110236" height="0.036055118" x="-73.30851" y="-168.96954" ry="0.018027559" transform="scale(-1)"/>
                      <rect style="fill:#ececec;fill-opacity:1;stroke-width:0.258" id="rect1053-0-1-5-6" width="27.106329" height="27.106329" x="148.06931" y="-94.827682" transform="rotate(90)" ry="0.97348827"/>
                      <path style="fill:#606c76;fill-opacity:1;stroke-width:0.026893" d="m 89.201807,169.43469 4.65861,-4.64821 -0.008,4.31726 c -0.007,4.10359 -0.01,4.32368 -0.0578,4.44673 -0.0675,0.17379 -0.24265,0.36692 -0.4151,0.4579 l -0.1413,0.0745 -3.33707,0.008 c -1.83538,0.004 -3.79187,0.004 -4.34776,0 l -1.01071,-0.008 z" id="path1059-6-9-8-1"/>
                    </g>
                  </g>
                  <g style="fill:none" id="g15215" transform="matrix(0.37268903,0,0,0.37268903,57.775787,83.128754)">
                    <path d="m 2.5471162,137.44564 c 0.036,0.3515 0.0315,0.6737 0.1127,0.968 0.1127,0.4424 0.053,0.8849 0.0428,1.3239 -0.0205,0.2723 -0.0997,0.537 -0.2322,0.776 -0.1201,0.2588 -0.3122,0.4778 -0.5535,0.6311 -0.2255,0.1336 -0.4566,0.2538 -0.691,0.3683 -0.0721,0.0241 -0.1508,0.019 -0.2191,-0.0142 -0.0683,-0.0332 -0.1208,-0.0918 -0.1462,-0.1632 -0.1412,-0.2942 -0.2493,-0.603 -0.3224,-0.9208 -0.0755,-0.4099 0.0958,-0.7288 0.2446,-1.0724 0.1229,-0.2864 0.3382,-0.4964 0.5434,-0.7187 0.2052,-0.2224 0.372,-0.4313 0.576,-0.6278 0.2041,-0.1965 0.4115,-0.3537 0.6449,-0.5502 z" fill="#ffffff" id="path14989" style="fill:#606c76;fill-opacity:1"/>
                    <path d="m 38.173916,137.45234 c 0.3765,0.3762 0.7609,0.7445 1.1273,1.1308 0.1951,0.2079 0.3702,0.4334 0.5231,0.6738 0.1127,0.1785 0.16,0.3975 0.2592,0.5862 0.1195,0.2246 0.0812,0.4638 0.044,0.6738 -0.0417,0.2436 -0.1826,0.4705 -0.2852,0.7018 -0.0271,0.0843 -0.0734,0.1611 -0.1353,0.2246 -0.0338,0.0275 -0.0731,0.0476 -0.1152,0.059 -0.0422,0.0114 -0.0862,0.0139 -0.1294,0.007 -0.4509,-0.1651 -0.8748,-0.4021 -1.1656,-0.7973 -0.1035,-0.1671 -0.1764,-0.3511 -0.2153,-0.5436 -0.068,-0.2528 -0.1214,-0.5092 -0.1601,-0.7681 -0.0019,-0.1045 0.0107,-0.2088 0.0372,-0.3099 0.008,-0.0307 0.0144,-0.0618 0.0192,-0.0932 0.0124,-0.2605 0.0135,-0.5222 0.0372,-0.7861 0.0236,-0.2639 0.0665,-0.4885 0.1014,-0.7333 z" fill="#ffffff" id="path14991" style="fill:#606c76;fill-opacity:1"/>
                    <path d="m 3.0712162,114.95824 c 0.1872,0.2718 0.3687,0.511 0.5197,0.7681 0.1024,0.1952 0.1942,0.3958 0.2751,0.6008 0.0699,0.1538 0.1431,0.3054 0.2153,0.4582 0.105,0.2162 0.1667,0.4508 0.1815,0.6906 0.0088,0.052 0.0208,0.1033 0.0361,0.1538 0.0112,0.0517 0.0383,0.1123 0.0214,0.1561 -0.0992,0.2707 -0.1128,0.5615 -0.2807,0.8209 -0.175,0.2465 -0.3773,0.4725 -0.6031,0.6738 -0.0155,0.0128 -0.0338,0.0215 -0.0535,0.0255 -0.0197,0.004 -0.0401,0.003 -0.0593,-0.003 -0.2986,-0.1832 -0.5576,-0.4237 -0.762,-0.7075 -0.1474,-0.1908 -0.2464,-0.4143 -0.2886,-0.6513 -0.0282,-0.2853 -0.0789,-0.5851 0.0383,-0.8771 0.079,-0.1954 0.088,-0.4177 0.1635,-0.6154 0.1759,-0.4581 0.372,-0.9084 0.5636,-1.3621 0.0134,-0.0432 0.0243,-0.087 0.0327,-0.1314 z" fill="#ffffff" id="path14993" style="fill:#606c76;fill-opacity:1"/>
                    <path d="m 40.874916,146.73924 c -0.1747,0.1022 -0.3382,0.2112 -0.5208,0.3021 -0.2886,0.146 -0.5817,0.2819 -0.8737,0.42 -0.3241,0.1417 -0.665,0.2417 -1.0145,0.2976 -0.0827,0.0319 -0.1697,0.0512 -0.2582,0.0573 -0.4058,-0.0562 -0.8026,-0.1449 -1.1205,-0.4324 -0.1522,-0.1381 -0.3123,-0.2684 -0.4509,-0.42 -0.1387,-0.1516 -0.1229,-0.2403 0.0079,-0.3851 0.1788,-0.1993 0.3796,-0.3779 0.5986,-0.5323 0.1921,-0.1336 0.4107,-0.2249 0.641,-0.2676 0.2304,-0.0428 0.4672,-0.0362 0.6948,0.0194 0.4673,0.0831 0.918,0.2409 1.3347,0.4671 0.1702,0.0955 0.3653,0.1438 0.5422,0.2246 0.1432,0.0674 0.2717,0.1606 0.4194,0.2493 z" fill="#ffffff" id="path14995" style="fill:#606c76;fill-opacity:1"/>
                    <path d="m 40.364216,124.46644 c -0.0834,-0.1528 -0.1544,-0.274 -0.2153,-0.4009 -0.0381,-0.0807 -0.0668,-0.1655 -0.0857,-0.2527 -0.0631,-0.2875 -0.1578,-0.5615 -0.0529,-0.8748 0.071,-0.247 0.1741,-0.4837 0.3066,-0.7041 0.0878,-0.1336 0.1826,-0.2626 0.2841,-0.3863 0.139,-0.1826 0.292,-0.3542 0.4576,-0.5132 0.2593,-0.2246 0.54,-0.4312 0.8128,-0.6446 0.0744,-0.0572 0.1522,-0.1123 0.2638,-0.1931 0.0124,0.128 0.0237,0.2156 0.0271,0.3032 0.0202,0.521 0.0777,1.0455 0.045,1.5631 -0.0403,0.3862 -0.1293,0.7658 -0.2649,1.1298 -0.0732,0.1628 -0.1903,0.3023 -0.3382,0.4031 -0.2421,0.1937 -0.5018,0.3648 -0.7755,0.5109 -0.1263,0.0697 -0.3157,0.0438 -0.4645,0.0596 z" fill="#ffffff" id="path14997" style="fill:#606c76;fill-opacity:1"/>
                    <path d="m 45.199216,129.94864 c -0.0902,0.2965 -0.1714,0.5716 -0.2593,0.8445 -0.0634,0.2162 -0.1387,0.4287 -0.2255,0.6367 -0.1961,0.4492 -0.3821,0.8984 -0.7699,1.2218 -0.1976,0.1558 -0.4217,0.2749 -0.6617,0.3515 -0.2931,0.1044 -0.5761,0.0741 -0.8646,0.0797 -0.2604,0.006 -0.3213,-0.0449 -0.3202,-0.3065 -0.0116,-0.3038 0.0122,-0.6079 0.071,-0.9063 0.0741,-0.2634 0.2137,-0.5041 0.4058,-0.6996 0.2323,-0.2526 0.522,-0.4054 0.7892,-0.5873 0.2076,-0.1158 0.4272,-0.2088 0.6549,-0.2774 0.3179,-0.122 0.6381,-0.2399 0.9605,-0.3537 0.0727,-0.0117 0.1467,-0.0128 0.2198,-0.003 z" fill="#ffffff" id="path14999" style="fill:#606c76;fill-opacity:1"/>
                    <path d="m 8.6931162,150.54834 c -0.0846,0.146 -0.1736,0.2785 -0.2435,0.4211 -0.1904,0.3577 -0.4868,0.6482 -0.8489,0.8321 -0.2027,0.0957 -0.4238,0.1466 -0.6482,0.1494 -0.2633,0.0126 -0.5272,0.004 -0.7891,-0.027 -0.2498,-0.021 -0.498,-0.0585 -0.7429,-0.1123 -0.3077,-0.0696 -0.6087,-0.1662 -0.9119,-0.2538 -0.0744,-0.0213 -0.0711,-0.119 0,-0.1785 0.3584,-0.2897 0.7124,-0.5851 1.0788,-0.8647 0.1552,-0.1078 0.3171,-0.2057 0.4847,-0.2931 0.1398,-0.0808 0.2784,-0.1639 0.4227,-0.2358 0.0597,-0.0243 0.1229,-0.0391 0.1872,-0.0438 0.2074,-0.0281 0.4204,-0.0932 0.6222,-0.0685 0.3515,0.0341 0.6874,0.1613 0.9729,0.3683 0.1386,0.1045 0.2717,0.201 0.416,0.3066 z" fill="#ffffff" id="path15001" style="fill:#606c76;fill-opacity:1"/>
                    <path d="m 10.603816,155.00314 c 0.1195,-0.2044 0.2356,-0.4099 0.3585,-0.6109 0.1228,-0.201 0.2435,-0.4031 0.3776,-0.5952 0.1362,-0.2138 0.2897,-0.4162 0.4588,-0.6052 0.1884,-0.1918 0.3958,-0.3641 0.6189,-0.5144 0.3596,-0.2436 0.779,-0.2515 1.1904,-0.2111 0.1902,0.0336 0.3757,0.0898 0.5524,0.1673 0.0406,0.0146 0.0981,0.0685 0.0958,0.1 -0.0132,0.1745 -0.0365,0.3481 -0.0699,0.5199 -0.0195,0.1402 -0.0574,0.2773 -0.1127,0.4077 -0.0819,0.1759 -0.1869,0.3401 -0.3123,0.4884 -0.2772,0.2988 -0.6443,0.4998 -1.0461,0.5728 -0.2559,0.0561 -0.5039,0.1538 -0.7587,0.2156 -0.1292,0.0186 -0.2595,0.0287 -0.39,0.0303 -0.3077,0.0314 -0.6144,0.0651 -0.9221,0.0988 z" fill="#ffffff" id="path15003" style="fill:#606c76;fill-opacity:1"/>
                    <path d="m -0.2373438,146.74594 c 0.25702,-0.1437 0.49714,-0.2931 0.74856,-0.4155 0.2315,-0.1128 0.4703,-0.2103 0.7147,-0.2919 0.2769,-0.1059 0.5629,-0.1863 0.8544,-0.2404 0.3382,-0.0505 0.6764,-0.092 1.0259,0.0899 0.2709,0.1251 0.5189,0.2944 0.7338,0.5008 0.0482,0.0553 0.093,0.1135 0.1342,0.1741 0.0541,0.0741 0.1668,0.1707 0.1499,0.219 -0.0568,0.1157 -0.133,0.2209 -0.2254,0.311 -0.1972,0.2239 -0.4396,0.4038 -0.7114,0.5278 -0.1003,0.045 -0.2074,0.073 -0.3077,0.1123 -0.1758,0.0818 -0.3723,0.1084 -0.5636,0.0764 -0.1646,-0.0292 -0.3202,-0.1123 -0.4859,-0.1348 -0.4397,-0.0685 -0.8117,-0.3077 -1.2141,-0.4671 -0.23899,-0.0943 -0.45092,-0.2628 -0.67637,-0.3942 -0.05742,-0.0264 -0.11655,-0.0489 -0.17699,-0.0674 z" fill="#ffffff" id="path15005" style="fill:#606c76;fill-opacity:1"/>
                    <path d="m 7.1825162,153.34004 c 0.2315,-0.2902 0.4787,-0.5676 0.7406,-0.831 0.3604,-0.3328 0.7447,-0.6391 1.1498,-0.9163 0.2158,-0.1549 0.4785,-0.231 0.744,-0.2156 0.2151998,0.002 0.4299998,0.0198 0.6425998,0.0528 0.2634,0.0702 0.513,0.1841 0.7384,0.3369 0.02,0.0108 0.0377,0.0256 0.0518,0.0434 0.0142,0.0178 0.0246,0.0383 0.0306,0.0602 0.006,0.022 0.0075,0.0449 0.0044,0.0674 -0.0032,0.0225 -0.0108,0.0442 -0.0226,0.0637 -0.0919,0.2138 -0.1988,0.421 -0.3201,0.6198 -0.188,0.3013 -0.4545,0.5462 -0.7711,0.7086 -0.2253998,0.1123 -0.4508998,0.1022 -0.6763998,0.1572 -0.3381,0.082 -0.6662,0.0506 -0.9976,0.0472 -0.3558,-0.015 -0.7106,-0.048 -1.063,-0.0988 -0.087,-0.0229 -0.1713,-0.0549 -0.2514,-0.0955 z" fill="#ffffff" id="path15007" style="fill:#606c76;fill-opacity:1"/>
                    <path d="m 9.9522162,147.38834 c 0.0879,0.0662 0.1668998,0.1201 0.2400998,0.183 0.4231,0.3631 0.8153,0.7605 1.1724,1.1881 0.2112,0.2652 0.3849,0.5581 0.5163,0.8703 0.0868,0.1954 0.0643,0.4492 0.0496,0.6738 -0.0321,0.3902 -0.1818,0.7617 -0.4295,1.0657 -0.0105,0.0178 -0.0246,0.0332 -0.0415,0.0452 -0.0168,0.012 -0.036,0.0204 -0.0563,0.0245 -0.0203,0.004 -0.0413,0.004 -0.0615,-5e-4 -0.0203,-0.005 -0.0393,-0.0131 -0.056,-0.0254 -0.2384,-0.0935 -0.4688,-0.2062 -0.6888,-0.3369 -0.3674,-0.2478 -0.6283998,-0.6235 -0.7315998,-1.0534 -0.1499,-0.5536 -0.0823,-1.105 -0.0811,-1.6563 0,-0.3201 0.1059,-0.639 0.1679,-0.9781 z" fill="#ffffff" id="path15009" style="fill:#606c76;fill-opacity:1"/>
                    <path d="m 6.2931162,121.09294 c -0.1815,0.1561 -0.3382,0.2999 -0.5062,0.4313 -0.168,0.1314 -0.3213,0.2448 -0.4904,0.3548 -0.2942,0.1909 -0.5873,0.3908 -0.9018,0.5536 -0.1757,0.0726 -0.3597,0.1231 -0.5479,0.1505 -0.1112,0.0285 -0.2242,0.0499 -0.3382,0.064 -0.3043,0.0326 -0.5839,-0.0831 -0.8398,-0.21 -0.2378,-0.1179 -0.4362,-0.3166 -0.6482,-0.484 -0.0099,-0.014 -0.0165,-0.0301 -0.0193,-0.047 -0.0027,-0.0169 -0.0015,-0.0343 0.0035,-0.0507 0.2075,-0.3806 0.451,-0.7355 0.8185,-0.9792 0.2626,-0.1763 0.5501,-0.3223 0.8916,-0.2886 0.1535,0.0118 0.3076,0.0118 0.4611,0 0.3044,-0.018 0.5839,0.0786 0.8691,0.1583 0.1736,0.0495 0.3574,0.0607 0.5321,0.1123 0.2334,0.0618 0.4577,0.1472 0.7159,0.2347 z" fill="#ffffff" id="path15011" style="fill:#606c76;fill-opacity:1"/>
                    <path d="m 36.152716,142.11484 c 0.1184,0.2011 0.2254,0.3774 0.328,0.5615 0.1255,0.2359 0.2443,0.4743 0.3563,0.7154 0.0701,0.1443 0.1271,0.2946 0.1702,0.4491 0.089,0.3425 0.2198,0.6738 0.2063,1.0421 -0.0153,0.3591 -0.1448,0.704 -0.3698,0.9849 -0.197,0.2332 -0.4062,0.4558 -0.6268,0.667 -0.2423,-0.2302 -0.4892,-0.4143 -0.6684,-0.649 -0.1866,-0.2189 -0.3042,-0.4876 -0.3382,-0.7726 -0.0079,-0.1022 -0.0733,-0.2067 -0.0598,-0.3032 0.0349,-0.2481 0.0869,-0.4935 0.1556,-0.7345 0.069,-0.2551 0.156,-0.505 0.2604,-0.7479 0.1533,-0.3447 0.3382,-0.6737 0.5005,-1.0106 0.0226,-0.0629 0.0462,-0.1168 0.0857,-0.2022 z" fill="#ffffff" id="path15013" style="fill:#606c76;fill-opacity:1"/>
                    <path d="m 30.718016,147.37824 c 0.0237,0.1898 0.0316,0.3638 0.0688,0.53 0.1127,0.484 0.0992,0.9748 0.0936,1.4599 0.011,0.3917 -0.0828,0.7792 -0.2717,1.1229 -0.228,0.3884 -0.5878,0.6827 -1.0146,0.8299 -0.0552,0.0191 -0.1127,0.0416 -0.1646,0.0663 -0.1262,0.0584 -0.2254,0.0921 -0.3381,-0.064 -0.1477,-0.218 -0.2515,-0.4625 -0.3055,-0.7199 -0.0456,-0.2372 -0.0675,-0.4783 -0.0654,-0.7198 7e-4,-0.1119 0.0293,-0.2219 0.0834,-0.32 0.158,-0.3181 0.342,-0.6227 0.5501,-0.9107 0.2462,-0.2744 0.5098,-0.5329 0.7891,-0.7738 0.1387,-0.1314 0.2796,-0.2616 0.4205,-0.3908 0.044,-0.0325 0.0936,-0.0651 0.1544,-0.11 z" fill="#ffffff" id="path15015" style="fill:#606c76;fill-opacity:1"/>
                    <path d="m 43.633416,123.48824 c 0,0.274 0.0124,0.5188 0,0.7614 -0.0159,0.287 -0.0494,0.5728 -0.1003,0.8557 -0.0508,0.2695 -0.1364,0.5323 -0.2131,0.7973 -0.0304,0.1211 -0.0747,0.2382 -0.1319,0.3492 -0.0787,0.1627 -0.1847,0.3108 -0.3134,0.438 -0.1894,0.1591 -0.4023,0.2883 -0.6312,0.3829 -0.2424,0.0818 -0.4918,0.1409 -0.7452,0.1763 -0.0248,0.006 -0.0789,-0.0505 -0.0924,-0.0876 -0.0812,-0.2245 -0.2108,-0.4244 -0.2018,-0.6737 0,-0.1123 -0.0609,-0.2347 -0.0473,-0.347 0.0236,-0.1898 0.0946,-0.3729 0.1285,-0.5615 0.0586,-0.3369 0.3224,-0.5424 0.5061,-0.7951 0.1475,-0.1675 0.3183,-0.3131 0.5073,-0.4323 0.2311,-0.1729 0.469,-0.3369 0.7113,-0.4952 0.1928,-0.1281 0.398,-0.237 0.6234,-0.3684 z" fill="#ffffff" id="path15017" style="fill:#606c76;fill-opacity:1"/>
                    <path d="m 7.9288162,145.92284 c 0.3381,0.4144 0.6696,0.7861 0.9559,1.1937 0.2431,0.3274 0.4418,0.6853 0.5907,1.0646 0.0947,0.2673 0.0654,0.5929 0.0349,0.886 -0.0439,0.4189 -0.3145,0.7412 -0.5636,1.0657 -0.0347,0.0209 -0.0741,0.0329 -0.1147,0.0349 -0.0405,0.002 -0.0809,-0.006 -0.1175,-0.0237 -0.3822,-0.2358 -0.7655,-0.4772 -1.0011,-0.8759 -0.1454,-0.2231 -0.2236,-0.483 -0.2254,-0.749 0,-0.0932 -0.0598,-0.1875 -0.0553,-0.2796 0.0113,-0.1898 0.0485,-0.3796 0.0744,-0.5694 0.0087,-0.0255 0.0148,-0.0518 0.0181,-0.0786 -0.0192,-0.2818 0.0721,-0.539 0.1567,-0.8018 0.0541,-0.1662 0.0665,-0.3458 0.1127,-0.5165 0.038,-0.1193 0.0827,-0.2363 0.1342,-0.3504 z" fill="#ffffff" id="path15019" style="fill:#606c76;fill-opacity:1"/>
                    <path d="m 37.216916,139.76564 c 0.1555,0.183 0.2987,0.347 0.4362,0.5154 0.1545,0.1887 0.3134,0.3762 0.4509,0.5761 0.2036,0.2762 0.3857,0.5675 0.5445,0.8714 0.138,0.2498 0.2152,0.5282 0.2255,0.8131 -0.0113,0.3054 -0.1432,0.6142 -0.2638,0.9051 -0.0946,0.1784 -0.2113,0.3444 -0.3472,0.4941 -0.0564,0.0741 -0.1127,0.0966 -0.2131,0.0202 -0.1972,-0.1516 -0.4374,-0.2504 -0.6256,-0.4099 -0.3215,-0.2483 -0.5349,-0.6101 -0.5964,-1.0107 -0.0383,-0.1987 -0.058,-0.4006 -0.0586,-0.603 0.0272,-0.289 0.069,-0.5765 0.1252,-0.8613 0.0394,-0.2358 0.0811,-0.4728 0.1341,-0.7063 0.0282,-0.1269 0.08,-0.2482 0.1206,-0.3729 0.0169,-0.0651 0.0361,-0.128 0.0677,-0.2313 z" fill="#ffffff" id="path15021" style="fill:#606c76;fill-opacity:1"/>
                    <path d="m 1.9237162,135.01104 c 0.1127,0.475 0.0653,0.9197 0.0507,1.3565 -0.0198,0.3186 -0.0723,0.6343 -0.1567,0.9422 -0.1387,0.575 -0.443,1.0253 -0.9977,1.3038 -0.2576,0.1136 -0.52829,0.1951 -0.80597,0.2425 -0.02246,-1e-4 -0.04453,-0.006 -0.06421,-0.0167 -0.01968,-0.0107 -0.03635,-0.0262 -0.04852,-0.045 -0.07137,-0.1331 -0.13097,-0.2721 -0.17811,-0.4155 -0.0659,-0.1949 -0.10791,-0.397 -0.12513,-0.6019 0.00844,-0.1795 0.03795,-0.3574 0.08793,-0.5301 0.09695,-0.4862 0.46219,-0.7861 0.77891,-1.1229 0.268,-0.2684 0.5617,-0.5099 0.8771,-0.721 0.1781,-0.1269 0.3562,-0.2425 0.5817,-0.3919 z" fill="#ffffff" id="path15023" style="fill:#606c76;fill-opacity:1"/>
                    <path d="m 34.972416,112.93014 c 0.0936,0.128 0.1939,0.2561 0.283,0.3908 0.071,0.1123 0.1296,0.2246 0.1916,0.3369 0.0507,0.0898 0.1015,0.1797 0.1477,0.2718 0.1312,0.2315 0.2483,0.4708 0.3506,0.7164 0.1555,0.438 0.2987,0.8905 0.1691,1.3588 -0.0666,0.2204 -0.1686,0.4287 -0.3022,0.6165 -0.1452,0.1947 -0.3078,0.3759 -0.4858,0.5413 -0.0251,0.0193 -0.0546,0.0321 -0.0859,0.0372 -0.0313,0.005 -0.0634,0.002 -0.0934,-0.008 -0.3104,-0.1971 -0.5754,-0.4574 -0.7778,-0.7636 -0.1332,-0.2137 -0.2203,-0.4526 -0.2556,-0.7017 -0.0354,-0.249 -0.0182,-0.5027 0.0504,-0.7447 0.1038,-0.4065 0.2683,-0.7973 0.4126,-1.1926 0.0846,-0.2246 0.1793,-0.4492 0.2762,-0.6738 0.0339,-0.0653 0.0739,-0.1274 0.1195,-0.1853 z" fill="#ffffff" id="path15025" style="fill:#606c76;fill-opacity:1"/>
                    <path d="m 36.262016,151.50624 c -0.1127,0.0404 -0.1589,0.0663 -0.2142,0.0797 -0.3381,0.0865 -0.6763,0.1696 -1.0145,0.2549 -0.0158,0 -0.0305,0.0135 -0.0462,0.0158 -0.4149,0.0337 -0.8286,0.0775 -1.2401,0.0977 -0.2683,0.0123 -0.5095,-0.0944 -0.7519,-0.2112 -0.461,-0.2245 -0.709,-0.6254 -0.957,-1.0319 -0.0167,-0.0194 -0.0287,-0.0423 -0.0352,-0.067 -0.0065,-0.0246 -0.0074,-0.0505 -0.0025,-0.0755 0.0049,-0.025 0.0153,-0.0487 0.0306,-0.0691 0.0154,-0.0204 0.0351,-0.0372 0.0578,-0.049 0.2503,-0.1516 0.4926,-0.3189 0.7429,-0.4716 0.0507,-0.0315 0.1285,-0.018 0.1882,-0.0393 0.3576,-0.1229 0.7489,-0.1048 1.0935,0.0505 0.3657,0.1643 0.712,0.3684 1.0326,0.6087 0.3709,0.2695 0.7181,0.5816 1.116,0.9073 z" fill="#ffffff" id="path15027" style="fill:#606c76;fill-opacity:1"/>
                    <path d="m 4.4567162,115.61624 c 0.0293,-0.411 0.1883,-0.7658 0.3382,-1.1229 0.124,-0.2976 0.2694,-0.5884 0.4227,-0.8726 0.1229,-0.2245 0.2717,-0.4413 0.4137,-0.6569 0.0164,-0.009 0.0345,-0.0132 0.053,-0.0132 0.0185,0 0.0367,0.005 0.053,0.0132 0.0435,0.0452 0.0772,0.0987 0.0992,0.1572 0.1466,0.3751 0.301,0.7468 0.4273,1.1286 0.1272,0.3517 0.2245,0.7135 0.2908,1.0814 0.0199,0.2367 -0.0113,0.4748 -0.0913,0.6985 -0.1051,0.3475 -0.3105,0.6564 -0.5907,0.8883 -0.1263,0.1044 -0.2627,0.1976 -0.398,0.2908 -0.014,0.006 -0.0292,0.008 -0.0443,0.007 -0.0151,-10e-4 -0.0297,-0.006 -0.0425,-0.0144 -0.3145,-0.2954 -0.6414,-0.584 -0.7654,-1.0219 -0.0552,-0.182 -0.106,-0.3729 -0.1657,-0.5627 z" fill="#ffffff" id="path15029" style="fill:#606c76;fill-opacity:1"/>
                    <path d="m 37.571916,115.00204 c 0.0891,0.1853 0.1838,0.3627 0.2604,0.5468 0.1026,0.2449 0.1973,0.4942 0.2852,0.7457 0.0688,0.1943 0.1128,0.3953 0.1827,0.5896 0.1307,0.393 0.1071,0.795 0.0552,1.1914 -0.0379,0.1546 -0.1045,0.3009 -0.1961,0.4312 -0.1906,0.3369 -0.4882,0.5683 -0.7891,0.7917 -0.0174,0.009 -0.0368,0.014 -0.0564,0.014 -0.0197,0 -0.039,-0.005 -0.0564,-0.014 -0.2571,-0.1884 -0.4736,-0.4263 -0.6369,-0.6996 -0.1591,-0.2498 -0.2457,-0.5386 -0.2503,-0.8343 0.0061,-0.2002 0.0363,-0.3989 0.0902,-0.5918 0.0417,-0.1701 0.0964,-0.3368 0.1635,-0.4986 0.0766,-0.1946 0.1635,-0.3851 0.2604,-0.5705 0.1601,-0.2953 0.3303,-0.5851 0.5028,-0.8737 0.0563,-0.0801 0.1181,-0.1562 0.1848,-0.2279 z" fill="#ffffff" id="path15031" style="fill:#606c76;fill-opacity:1"/>
                    <path d="m 30.072116,155.07724 c -0.2514,-0.0359 -0.4656,-0.0685 -0.6764,-0.0954 -0.1284,-0.0221 -0.2586,-0.0329 -0.3889,-0.0326 -0.261,3e-4 -0.5198,-0.0461 -0.7643,-0.137 -0.2909,-0.0932 -0.5873,-0.1774 -0.8669,-0.2987 -0.2692,-0.1337 -0.4924,-0.3439 -0.6414,-0.6041 -0.1752,-0.2436 -0.2769,-0.5319 -0.2931,-0.831 0,-0.1034 -0.044,-0.2055 -0.0553,-0.3089 0.0011,-0.0193 0.0071,-0.0381 0.0176,-0.0544 0.0105,-0.0163 0.025,-0.0297 0.0422,-0.0388 0.2781,-0.1249 0.5769,-0.1976 0.8815,-0.2145 0.206,-0.0194 0.4139,0.003 0.6108,0.0666 0.1969,0.0634 0.3788,0.166 0.5346,0.3018 0.2765,0.2607 0.5324,0.5422 0.7654,0.8422 0.1071,0.1265 0.203,0.2622 0.2863,0.4054 0.1522,0.2572 0.2942,0.5199 0.4408,0.7805 0.0282,0.0516 0.0496,0.1055 0.1071,0.2189 z" fill="#ffffff" id="path15033" style="fill:#606c76;fill-opacity:1"/>
                    <path d="m 3.3891162,125.25024 -0.3212,0.5053 c -0.0361,0.0573 -0.0711,0.1123 -0.1128,0.1696 -0.186,0.2459 -0.3821,0.4851 -0.5636,0.7389 -0.2276,0.2983 -0.5016,0.5584 -0.8117,0.7704 -0.077,0.0482 -0.1616,0.0831 -0.2502,0.1033 -0.1735,0.0649 -0.3518,0.1163 -0.5332,0.1538 -0.1204,-6e-4 -0.2399,-0.0203 -0.354,-0.0584 -0.13076,-0.0281 -0.26378,-0.0516 -0.39117,-0.0921 -0.13763,-0.0463 -0.27238,-0.1006 -0.40357,-0.1628 -0.01442,-0.008 -0.02644,-0.0204 -0.03493,-0.0347 -0.00848,-0.0144 -0.01314,-0.0306 -0.01354,-0.0473 0.04847,-0.2246 0.09582,-0.4424 0.1612,-0.658 0.04186,-0.1043 0.09437,-0.204 0.1567,-0.2976 0.16707,-0.3193 0.42989,-0.5788 0.75191,-0.7423 0.2151,-0.0987 0.4426,-0.1682 0.6764,-0.2066 0.2807,-0.0539 0.5805,-0.0337 0.8522,-0.1123 0.3867,-0.1123 0.7699,0 1.151,-0.0685 z" fill="#ffffff" id="path15035" style="fill:#606c76;fill-opacity:1"/>
                    <path d="m 32.766316,145.96214 c 0.053,0.2078 0.1048,0.4155 0.1601,0.6222 0.0507,0.1852 0.1127,0.3672 0.1567,0.5536 0.0203,0.0831 0,0.1774 0.0203,0.2594 0.1132,0.3972 0.137,0.8143 0.0699,1.2218 -0.0532,0.4017 -0.2585,0.7681 -0.5738,1.0241 -0.1455,0.1123 -0.2796,0.2426 -0.4307,0.347 -0.1105,0.0682 -0.2276,0.1254 -0.3494,0.1707 -0.0162,0.005 -0.0332,0.005 -0.0497,0.002 -0.0165,-0.003 -0.0319,-0.0106 -0.045,-0.0211 -0.1488,-0.2167 -0.2931,-0.4368 -0.4363,-0.6581 -0.2333,-0.3615 -0.1927,-0.7692 -0.1533,-1.16 0.042,-0.2182 0.1287,-0.4254 0.2548,-0.6086 0.1572,-0.2748 0.3319,-0.5392 0.5231,-0.7917 0.2547,-0.3369 0.532,-0.6491 0.8003,-0.9725 z" fill="#ffffff" id="path15037" style="fill:#606c76;fill-opacity:1"/>
                    <path d="m -3.9697938,126.66064 c 0.15444,0.0651 0.31451,0.1202 0.46332,0.1976 0.36749,0.1921 0.74288,0.3751 1.09234,0.5963 0.41259,0.2628 0.80263,0.5548 1.02132,1.0219 0.14691,0.3343 0.20812,0.6998 0.17812,1.0635 -0.02119,0.1515 -0.05206,0.3015 -0.09244,0.4491 -4.2e-4,0.0217 -0.0057,0.043 -0.01546,0.0623 -0.00977,0.0194 -0.02376,0.0363 -0.04096,0.0496 -0.01719,0.0132 -0.03715,0.0225 -0.05841,0.027 -0.02126,0.005 -0.04327,0.004 -0.06441,-7e-4 -0.28408,-0.0315 -0.58957,-0.0113 -0.8466,-0.1123 -0.38891,-0.1516 -0.76317,-0.3627 -0.9503,-0.7861 -0.11273,-0.2482 -0.25026,-0.4829 -0.33819,-0.7367 -0.08342,-0.2313 -0.10258,-0.4851 -0.18036,-0.7187 -0.08358,-0.2924 -0.12868,-0.5943 -0.13415,-0.8983 -0.0148,-0.0643 -0.03831,-0.1262 -0.06989,-0.1842 z" fill="#ffffff" id="path15039" style="fill:#606c76;fill-opacity:1"/>
                    <path d="m -2.9135338,123.47594 c 0.4047,0.2875 0.79925,0.5615 1.18253,0.8433 0.22393,0.1657 0.43739,0.345 0.63917,0.5368 0.14843,0.1362 0.2757,0.2936 0.37765,0.4672 0.09174,0.1759 0.15418,0.3655 0.18487,0.5614 0.02499,0.1791 0.02689,0.3606 0.00564,0.5402 -0.01278,0.2386 -0.08525,0.4702 -0.21081,0.6738 -0.02666,0.0506 -0.04638,0.1046 -0.05861,0.1605 -0.17017,-0.0152 -0.33897,-0.043 -0.50503,-0.0831 -0.22335,-0.0638 -0.43801,-0.1547 -0.63917,-0.2706 -0.15966,-0.1162 -0.30396,-0.2521 -0.4295,-0.4043 -0.15421,-0.1605 -0.26208,-0.3595 -0.31226,-0.576 -0.06538,-0.274 -0.11273,-0.5525 -0.16909,-0.8299 -0.03353,-0.1591 -0.05427,-0.3205 -0.062,-0.4829 -0.01353,-0.3616 -0.00339,-0.7243 -0.00339,-1.1364 z" fill="#ffffff" id="path15041" style="fill:#606c76;fill-opacity:1"/>
                    <path d="m 10.040116,117.85324 c -0.3888998,0.1584 -0.7890998,0.2852 -1.1621998,0.4851 -0.2886,0.1572 -0.6065,0.1943 -0.9018,0.283 -0.3046,0.0731 -0.6221,0.0731 -0.9267,0 -0.2684,-0.0636 -0.5194,-0.1855 -0.735,-0.3571 -0.2073,-0.1819 -0.3927,-0.3873 -0.5523,-0.612 -0.0132,-0.0133 -0.0232,-0.0295 -0.0292,-0.0472 -0.0059,-0.0177 -0.0077,-0.0366 -0.0052,-0.0552 0.0025,-0.0185 0.0092,-0.0362 0.0197,-0.0518 0.0104,-0.0155 0.0243,-0.0285 0.0406,-0.0378 0.1691,-0.1337 0.3021,-0.3133 0.4723,-0.4492 0.1475,-0.1075 0.3072,-0.1972 0.4758,-0.2673 0.3449,-0.1538 0.709,-0.1213 1.0641,-0.0595 0.1944,0.0484 0.3832,0.1165 0.5637,0.2033 0.2254,0.0898 0.4509,0.1729 0.6662,0.2841 0.2378,0.1246 0.461,0.2785 0.691,0.4188 l 0.3212998,0.1954 z" fill="#ffffff" id="path15043" style="fill:#606c76;fill-opacity:1"/>
                    <path d="m 1.6734162,121.70954 c -0.3804,-0.1572 -0.7171,-0.4034 -0.9819,-0.7176 -0.1511,-0.193 -0.2622,-0.414 -0.32687,-0.6502 -0.071,-0.2098 -0.09674,-0.4321 -0.07552,-0.6525 0.03156,-0.2762 0.10033,-0.548 0.14879,-0.8231 0.0033,-0.0812 0.0112,-0.1622 0.0237,-0.2425 0.0778,-0.274 0.1668,-0.5447 0.2502,-0.8176 0.0372,-0.1201 0.0722,-0.2425 0.1128,-0.3941 0.1679,0.1999 0.3258,0.3683 0.4622,0.5536 0.2344,0.3189 0.4655,0.6412 0.6763,0.9759 0.1074,0.1842 0.195,0.3792 0.2616,0.5816 0.0596,0.1697 0.1016,0.3451 0.1251,0.5234 0.0463,0.214 0.0181,0.4374 -0.08,0.6333 -0.0575,0.0999 -0.062,0.2313 -0.1229,0.3279 -0.1454,0.2403 -0.3123,0.4672 -0.4735,0.7019 z" fill="#ffffff" id="path15045" style="fill:#606c76;fill-opacity:1"/>
                    <path d="m 34.389616,121.06604 c 0.292,-0.0719 0.584,-0.1404 0.8748,-0.2179 0.2908,-0.0775 0.576,-0.1673 0.8658,-0.2493 0.0431,-0.008 0.087,-0.0102 0.1307,-0.007 0.2255,0 0.4509,0.0135 0.6764,0 0.4047,-0.0303 0.7271,0.1718 1.0326,0.3784 0.1725,0.1123 0.2886,0.3178 0.4205,0.4885 0.085,0.1134 0.1604,0.2336 0.2254,0.3594 0.0088,0.0239 0.0117,0.0495 0.0084,0.0748 -0.0034,0.0252 -0.0128,0.0492 -0.0275,0.07 -0.2299,0.237 -0.5088,0.4213 -0.8173,0.5402 -0.2305,0.1091 -0.4848,0.1586 -0.7395,0.1437 -0.2173,-0.0289 -0.4299,-0.0859 -0.6324,-0.1695 -0.208,-0.0904 -0.4089,-0.1963 -0.6009,-0.3167 -0.2029,-0.1213 -0.4024,-0.2516 -0.5941,-0.3919 -0.2198,-0.1617 -0.4261,-0.3369 -0.6414,-0.5065 -0.0631,-0.0494 -0.1353,-0.0876 -0.2029,-0.1314 z" fill="#ffffff" id="path15047" style="fill:#606c76;fill-opacity:1"/>
                    <path d="m 38.611316,130.02954 c 0.2255,0.0595 0.4509,0.1123 0.6707,0.1763 0.2199,0.064 0.4205,0.1516 0.6302,0.2246 0.0969,0.0359 0.2007,0.0595 0.2931,0.1044 0.2356,0.1123 0.4701,0.2314 0.6978,0.3616 0.3073,0.1722 0.549,0.4406 0.6876,0.7636 0.1687,0.3947 0.235,0.8253 0.1928,1.2521 8e-4,0.0244 -0.0037,0.0486 -0.0131,0.0711 -0.0094,0.0225 -0.0236,0.0426 -0.0416,0.0592 -0.018,0.0165 -0.0393,0.0289 -0.0625,0.0365 -0.0233,0.008 -0.0479,0.0101 -0.0722,0.007 -0.0981,0 -0.1961,0.0494 -0.2953,0.055 -0.0888,-0.002 -0.1772,-0.0122 -0.2638,-0.0314 -0.0246,-0.009 -0.0498,-0.0169 -0.0756,-0.0225 -0.361,-0.008 -0.7089,-0.1363 -0.9886,-0.3638 -0.1672,-0.1386 -0.3147,-0.2991 -0.4385,-0.4773 -0.1156,-0.1607 -0.2175,-0.3309 -0.3044,-0.5087 -0.0924,-0.1829 -0.1755,-0.3703 -0.2491,-0.5615 -0.1127,-0.3009 -0.2255,-0.6041 -0.3382,-0.9096 -0.0178,-0.0777 -0.0277,-0.1571 -0.0293,-0.2369 z" fill="#ffffff" id="path15049" style="fill:#606c76;fill-opacity:1"/>
                    <path d="m -2.1187838,143.24234 c 0.27506,-0.0741 0.52419,-0.1471 0.77558,-0.2077 0.20516,-0.0494 0.41371,-0.0921 0.62226,-0.1247 0.25656,-0.0479 0.51603,-0.0786 0.7767,-0.0921 0.44526,-0.009 0.88606,0.0304 1.24006,0.3538 0.1504,0.1151 0.2907,0.2428 0.4193,0.3818 0.143,0.2011 0.269,0.4137 0.3765,0.6356 0.0136,0.0247 -0.0462,0.1123 -0.0913,0.1426 -0.2435,0.1617 -0.478,0.356 -0.7462,0.4593 -0.3202,0.1213 -0.6685,0.1886 -1.01461,0.0472 -0.26942,-0.1123 -0.56364,-0.1674 -0.8139,-0.3111 -0.30013,-0.1915 -0.58573,-0.4047 -0.85449,-0.6379 -0.23222,-0.1841 -0.45091,-0.3818 -0.67637,-0.5772 -0.01916,-0.0112 -0.01127,-0.0595 -0.01353,-0.0696 z" fill="#ffffff" id="path15051" style="fill:#606c76;fill-opacity:1"/>
                    <path d="m 12.026416,148.61344 c 0.354,0.1965 0.7114,0.3594 1.0304,0.5783 0.5118,0.3504 1.0292,0.7154 1.3392,1.2667 0.1871,0.3369 0.2931,0.7143 0.1657,1.1174 -0.0721,0.2246 -0.1127,0.4638 -0.1702,0.7266 -0.2108,-0.0304 -0.4194,-0.0551 -0.6257,-0.0932 -0.3069,-0.0535 -0.5921,-0.1934 -0.8218,-0.4032 -0.2254,-0.2089 -0.4385,-0.4492 -0.5117,-0.7782 -0.0474,-0.2179 -0.177,-0.4177 -0.2402,-0.6334 -0.0275,-0.1539 -0.044,-0.3097 -0.0496,-0.466 -0.0338,-0.2527 -0.0868,-0.5042 -0.1127,-0.7591 -0.018,-0.1763 -0.0034,-0.356 -0.0034,-0.5559 z" fill="#ffffff" id="path15053" style="fill:#606c76;fill-opacity:1"/>
                    <path d="m 41.074416,127.38944 c -0.2153,0.0618 -0.4249,0.1269 -0.638,0.1808 -0.1768,0.0513 -0.3573,0.0889 -0.54,0.1123 -0.1102,-0.004 -0.2193,-0.0245 -0.3235,-0.0606 -0.5704,-0.1359 -0.9683,-0.5076 -1.3144,-0.9523 -0.1905,-0.2448 -0.3889,-0.484 -0.5704,-0.7356 -0.1409,-0.1954 -0.2638,-0.4031 -0.3912,-0.6075 -0.0147,-0.0236 -0.0056,-0.0629 -0.009,-0.1123 0.3246,0 0.6425,-0.0135 0.9593,0 0.3168,0.0135 0.629,0.055 0.9413,0.1022 0.1217,0.0191 0.2322,0.1 0.3551,0.1269 0.3024,0.0645 0.5838,0.2035 0.8184,0.4043 0.1691,0.1471 0.2796,0.3661 0.4047,0.5615 0.0634,0.0981 0.1123,0.2047 0.1454,0.3166 0.0586,0.2067 0.1015,0.4133 0.1623,0.6637 z" fill="#ffffff" id="path15055" style="fill:#606c76;fill-opacity:1"/>
                    <path d="m -1.4503038,120.51354 c 0.23335,0.1819 0.47459,0.3571 0.70005,0.5491 0.23072,0.1865 0.44633,0.3907 0.64481,0.6109 0.24863,0.2828 0.46911,0.5889 0.65836,0.9141 0.1758,0.3167 0.1578,0.6963 0.0981,1.041 -0.0463,0.2706 -0.2052,0.5222 -0.32358,0.7793 -0.01353,0.0292 -0.08342,0.0438 -0.12738,0.0461 -0.32579,0.0112 -0.60536,-0.1348 -0.85449,-0.3111 -0.20698,-0.1608 -0.39596,-0.3434 -0.56364,-0.5446 -0.13753,-0.1527 -0.17586,-0.3515 -0.22546,-0.548 -0.06959,-0.3375 -0.10733,-0.6808 -0.11273,-1.0253 -0.01756,-0.4222 -5.9e-4,-0.845 0.05073,-1.2644 0.00676,-0.0697 0,-0.1415 0,-0.2123 z" fill="#ffffff" id="path15057" style="fill:#606c76;fill-opacity:1"/>
                    <path d="m 33.446116,153.39394 -0.9853,0.0764 c -0.2807,0.0213 -0.5636,0.0662 -0.8421,0.0595 -0.3026,0.006 -0.6046,-0.0313 -0.8961,-0.1123 -0.2747,-0.0827 -0.5242,-0.2325 -0.726,-0.4357 -0.1744,-0.208 -0.3313,-0.43 -0.469,-0.6637 -0.0773,-0.1374 -0.1364,-0.2842 -0.1758,-0.4368 -0.0068,-0.0191 0.0248,-0.064 0.0496,-0.0797 0.2953,-0.1876 0.5997,-0.3774 0.9514,-0.4144 0.3517,-0.0371 0.7418,-0.0674 1.0811,0.1437 0.2254,0.1415 0.4757,0.2493 0.6763,0.4166 0.2794,0.2431 0.5455,0.501 0.797,0.7726 0.1917,0.1954 0.3709,0.4043 0.5558,0.6076 z" fill="#ffffff" id="path15059" style="fill:#606c76;fill-opacity:1"/>
                    <path d="m 38.525616,144.24734 c 0.0981,-0.1785 0.1759,-0.3189 0.2548,-0.4604 0.1794,-0.3212 0.4458,-0.5858 0.7688,-0.7636 0.2158,-0.1298 0.4651,-0.1938 0.717,-0.1842 0.2795,0.018 0.5636,-0.0146 0.8432,0.009 0.2106,0.0319 0.4189,0.0777 0.6234,0.137 0.0789,0.0169 0.1612,0.0214 0.239,0.0393 0.2401,0.0573 0.4791,0.1123 0.7169,0.1808 0.1127,0.0292 0.0891,0.0876 0.0214,0.146 -0.2581,0.2246 -0.5118,0.4492 -0.7789,0.6592 -0.1838,0.1449 -0.3901,0.2594 -0.5783,0.3975 -0.2741,0.1924 -0.579,0.3367 -0.9019,0.4267 -0.1004,0.0324 -0.2039,0.0542 -0.3088,0.0652 -0.3852,0.0247 -0.7679,-0.0775 -1.089,-0.2909 -0.177,-0.1111 -0.3472,-0.238 -0.5276,-0.3616 z" fill="#ffffff" id="path15061" style="fill:#606c76;fill-opacity:1"/>
                    <path d="m -1.0602538,133.05144 c -0.12626,-0.1909 -0.11273,-0.4323 -0.06651,-0.6468 0.05298,-0.2673 0.08116,-0.5413 0.22546,-0.7996 0.14523,-0.2572 0.34071,-0.4829 0.57491,-0.6636 0.10197,-0.0781 0.21148,-0.1458 0.32691999775,-0.2022 C 0.2128862,130.62264 0.4369162,130.52854 0.6690162,130.45854 c 0.1924,-0.0695 0.3806,-0.1501 0.5636,-0.2414 0.0671,-0.0202 0.1357,-0.0345 0.2052,-0.0427 l 0.6132,-0.128 c -0.0439,0.1347 -0.0856,0.2583 -0.1251,0.384 -0.0575,0.1831 -0.1048,0.3695 -0.1713,0.5491 -0.1376,0.4309 -0.3431,0.8373 -0.6088,1.2039 -0.1431,0.1819 -0.2728,0.3762 -0.4295,0.5446 -0.0904,0.0885 -0.1999,0.1553 -0.32011,0.1954 -0.18826,0.0696 -0.38666,0.1123 -0.58168,0.1673 -0.08202,0.0221 -0.16519,0.0397 -0.24914,0.0528 -0.06419,0.0129 -0.13008,0.0151 -0.19502,0.007 -0.1364,-0.0269 -0.26491,-0.0628 -0.43062,-0.0988 z" fill="#ffffff" id="path15063" style="fill:#606c76;fill-opacity:1"/>
                    <path d="m 1.7827162,132.42484 c -0.0405,0.2403 -0.0845,0.4784 -0.1195,0.7187 -0.0225,0.155 -0.0169,0.3144 -0.0484,0.4671 -0.0722,0.3538 -0.1432,0.7098 -0.2458,1.0556 -0.0532,0.2115 -0.1499,0.4095 -0.2841,0.5817 -0.1668,0.1887 -0.3381,0.3987 -0.5884,0.493 -0.21306,0.0797 -0.41935,0.1797 -0.63466,0.2527 -0.12715,0.0365 -0.2573,0.0616 -0.38892,0.0752 -0.11272,0.0157 -0.14091,-0.0348 -0.18825,-0.1415 -0.13564,-0.3509 -0.18811,-0.7283 -0.15331,-1.1027 0.02501,-0.2812 0.12892,-0.5497 0.29985,-0.7749 0.22188,-0.3001 0.4951,-0.559 0.80714,-0.7647 0.24345,-0.1763 0.50845,-0.3245 0.76885,-0.4761 0.2378,-0.1404 0.4824,-0.2696 0.7248,-0.4032 z" fill="#ffffff" id="path15065" style="fill:#606c76;fill-opacity:1"/>
                    <path d="m 44.636716,126.66624 c -0.0316,0.2561 -0.0541,0.484 -0.0902,0.7109 -0.0301,0.2191 -0.0715,0.4364 -0.124,0.6513 -0.0778,0.2965 -0.1308,0.6109 -0.2728,0.8748 -0.2255,0.4222 -0.4949,0.8287 -0.9796,1.032 -0.3301,0.1453 -0.6905,0.2093 -1.0507,0.1864 -0.0654,0 -0.1758,-0.1011 -0.1781,-0.1583 -0.0323,-0.4158 -0.0297,-0.8335 0.0079,-1.2488 0.0454,-0.2682 0.1883,-0.5104 0.4013,-0.6805 0.2886,-0.2392 0.584,-0.4728 0.8895,-0.6906 0.1695,-0.1073 0.3461,-0.203 0.5287,-0.2864 0.1893,-0.0999 0.3787,-0.2032 0.5715,-0.2964 0.0967,-0.0378 0.1957,-0.0693 0.2965,-0.0944 z" fill="#ffffff" id="path15067" style="fill:#606c76;fill-opacity:1"/>
                    <path d="m 28.676516,148.64044 -0.1252,0.8669 c 0,0.027 0,0.055 -0.0078,0.082 -0.0327,0.2875 -0.0508,0.5783 -0.1038,0.8624 -0.0501,0.181 -0.1123,0.3584 -0.186,0.5312 -0.0906,0.3072 -0.2707,0.5808 -0.5174,0.7861 -0.124,0.1103 -0.2602,0.2064 -0.4058,0.2863 -0.1907,0.1084 -0.4051,0.1689 -0.6245,0.1763 -0.1071,0 -0.2165,0.0573 -0.3247,0.0551 -0.0338,-0.004 -0.066,-0.0165 -0.0938,-0.0361 -0.0277,-0.0196 -0.0501,-0.0458 -0.0651,-0.0762 -0.062,-0.3369 -0.2063,-0.6637 -0.1488,-1.0107 0.0372,-0.2302 0.0563,-0.4773 0.1578,-0.6794 0.1212,-0.2026 0.2755,-0.3836 0.4565,-0.5356 0.2553,-0.2408 0.5228,-0.4683 0.8015,-0.6817 0.1655,-0.1055 0.3376,-0.2004 0.5152,-0.2841 0.2018,-0.1123 0.4002,-0.2392 0.6009,-0.3582 z" fill="#ffffff" id="path15069" style="fill:#606c76;fill-opacity:1"/>
                    <path d="m -0.4109338,138.97394 c -0.15894,0.073 -0.31,0.1561 -0.4712,0.2145 -0.25375,0.0885 -0.52028,0.1351 -0.78911,0.1381 -0.35302,0.002 -0.69684,-0.1121 -0.97736,-0.3256 -0.18869,-0.1276 -0.3663,-0.2707 -0.53095,-0.4279 -0.14734,-0.1586 -0.28404,-0.3266 -0.40921,-0.5031 -0.18262,-0.2369 -0.36411,-0.475 -0.54222,-0.7164 -0.06764,-0.091 -0.12288,-0.1921 -0.20292,-0.3201 0.08674,0.005 0.17367,0.005 0.26041,0 0.11273,-0.0135 0.22546,-0.0483 0.34833,-0.055 0.11299,-0.002 0.226,0.003 0.33819,0.0168 0.12964,0.0113 0.25927,0.0304 0.38891,0.0382 0.24462,0.0146 0.49939,-0.0146 0.73274,0.0427 0.53546,0.1336 1.05965,0.3032 1.39559,0.8029 0.2002,0.2876 0.3324,0.6166 0.38666,0.9624 0.00451,0.0314 0.03156,0.0595 0.07214,0.1325 z" fill="#ffffff" id="path15071" style="fill:#606c76;fill-opacity:1"/>
                    <path d="m 6.0766162,144.17104 c 0.2018,0.3032 0.3901,0.5559 0.5445,0.8276 0.1905,0.3369 0.3382,0.6985 0.5309,1.0332 0.2255,0.393 0.2255,0.8175 0.1962,1.2352 -0.0324,0.2402 -0.1329,0.4661 -0.2897,0.6513 -0.1635,0.2156 -0.3382,0.42 -0.5186,0.6368 -0.1733,-0.115 -0.34,-0.2394 -0.4994,-0.3729 -0.2344,-0.2156 -0.4622,-0.4379 -0.5862,-0.749 -0.1578,-0.3964 -0.1217,-0.7995 -0.0653,-1.1971 0.0535,-0.3258 0.133,-0.6469 0.2378,-0.9601 0.0665,-0.2145 0.1804,-0.4155 0.2672,-0.6244 0.0609,-0.1437 0.1127,-0.2942 0.1826,-0.4806 z" fill="#ffffff" id="path15073" style="fill:#606c76;fill-opacity:1"/>
                    <path d="m -4.5210238,129.93744 c 0.11747,0.0187 0.23321,0.0469 0.34608,0.0842 0.36637,0.1539 0.76543,0.2246 1.11151,0.4369 0.23447,0.146 0.51066,0.2246 0.73837,0.3818 0.4915,0.3369 0.85336,0.7625 0.85111,1.4014 0,0.219 0,0.4369 0,0.6558 0.00307,0.0249 4.4e-4,0.0501 -0.00769,0.0737 -0.00813,0.0237 -0.02155,0.0452 -0.03924,0.0629 -0.0177,0.0178 -0.03921,0.0313 -0.06291,0.0395 -0.0237,0.008 -0.04898,0.011 -0.07391,0.008 -0.22975,0.0184 -0.46072,0.0154 -0.6899,-0.009 -0.21081,-0.0393 -0.43852,-0.0685 -0.62001,-0.2178 -0.09244,-0.0753 -0.21419,-0.1123 -0.30663,-0.1898 -0.22955,-0.1931 -0.41353,-0.4343 -0.53884,-0.7064 -0.15106,-0.3133 -0.2976,-0.6299 -0.43626,-0.9489 -0.04455,-0.1251 -0.08218,-0.2525 -0.11273,-0.3818 -0.05411,-0.1796 -0.11273,-0.3582 -0.16459,-0.5401 -0.00506,-0.0502 -0.00316,-0.1008 0.00564,-0.1505 z" fill="#ffffff" id="path15075" style="fill:#606c76;fill-opacity:1"/>
                    <path d="m 4.5164162,142.14184 c 0.1917,0.3762 0.389,0.7468 0.5637,1.123 0.0891,0.2027 0.1674,0.41 0.2345,0.621 0.0636,0.1599 0.1153,0.3243 0.1544,0.4918 0.0134,0.1407 0.0172,0.2822 0.0113,0.4234 0.0225,0.4784 -0.1838,0.8613 -0.4994,1.1982 -0.1251,0.1336 -0.2615,0.256 -0.3912,0.3851 -0.0181,0.0202 -0.0402,0.0363 -0.065,0.0474 -0.0248,0.011 -0.0516,0.0167 -0.0787,0.0167 -0.0271,0 -0.054,-0.006 -0.0787,-0.0167 -0.0248,-0.0111 -0.047,-0.0272 -0.065,-0.0474 -0.3387,-0.2709 -0.6048,-0.6212 -0.7745,-1.0196 -0.0489,-0.1418 -0.0711,-0.2915 -0.0654,-0.4413 0,-0.3639 0.0248,-0.7232 0.2029,-1.0601 0.1128,-0.2246 0.1793,-0.4784 0.2785,-0.7131 0.09,-0.2167 0.1908,-0.4289 0.3021,-0.6356 0.0822,-0.1298 0.1725,-0.2544 0.2705,-0.3728 z" fill="#ffffff" id="path15077" style="fill:#606c76;fill-opacity:1"/>
                    <path d="m 38.923616,132.41474 c 0.1939,0.0999 0.3912,0.1931 0.5805,0.3021 0.2852,0.1639 0.5637,0.3368 0.8466,0.5109 0.1003,0.07 0.197,0.1449 0.2897,0.2246 0.3777,0.292 0.6933,0.6401 0.832,1.0994 0.0513,0.2386 0.0654,0.4837 0.0417,0.7265 -0.0131,0.1573 -0.0429,0.3128 -0.0891,0.4638 -0.0282,0.1123 -0.0732,0.2246 -0.124,0.3616 -0.1972,-0.0516 -0.3889,-0.0954 -0.5771,-0.1538 -0.1871,-0.0576 -0.3707,-0.1254 -0.5502,-0.2033 -0.3014,-0.1334 -0.5424,-0.3735 -0.6763,-0.6738 -0.1071,-0.2246 -0.2176,-0.4492 -0.31,-0.6816 -0.0256,-0.0988 -0.0407,-0.2001 -0.0451,-0.3021 -0.071,-0.4054 -0.2029,-0.7995 -0.1781,-1.2218 -0.0102,-0.142 -0.0378,-0.2823 -0.0823,-0.4177 z" fill="#ffffff" id="path15079" style="fill:#606c76;fill-opacity:1"/>
                    <path d="m 2.5583162,127.61634 c -0.1882,0.3627 -0.3585,0.703 -0.5388,1.0387 -0.1165,0.2298 -0.2472,0.4522 -0.3912,0.6659 -0.1516,0.2017 -0.3166,0.393 -0.4938,0.5727 -0.1907,0.2004 -0.4393,0.3365 -0.71128,0.3897 -0.29033,0.0387 -0.58402,0.0458 -0.8759,0.0213 -0.13552,-0.0147 -0.26969,-0.0398 -0.40131,-0.0752 -0.01701,-0.002 -0.03352,-0.006 -0.04853,-0.0145 -0.01501,-0.008 -0.0282,-0.0192 -0.03876,-0.0325 -0.01056,-0.0134 -0.01827,-0.0288 -0.02264,-0.0452 -0.00438,-0.0164 -0.00533,-0.0336 -0.0028,-0.0504 8e-4,-0.3657 0.08442,-0.7265 0.24462,-1.0556 0.12078,-0.2685 0.31006,-0.5008 0.54899,-0.6738 0.16366,-0.1221 0.34547,-0.2179 0.53884,-0.2841 0.35627,-0.1213 0.70227,-0.2785 1.09117,-0.3043 0.2323,-0.0146 0.4577,-0.1123 0.6888,-0.1494 0.1372,-0.0119 0.2752,-0.0131 0.4126,-0.003 z" fill="#ffffff" id="path15081" style="fill:#606c76;fill-opacity:1"/>
                    <path d="m 8.0459162,119.34344 c -0.1025,0.0707 -0.186,0.1291 -0.2694,0.1841 -0.1781,0.1123 -0.3506,0.2426 -0.5366,0.3448 -0.1555,0.0853 -0.3269,0.1415 -0.4903,0.2145 -0.2165,0.0988 -0.4307,0.2055 -0.6494,0.3009 -0.0644,0.024 -0.132,0.0384 -0.2006,0.0427 -0.2273,0.0453 -0.4582,0.0709 -0.6899,0.0764 -0.2815,6e-4 -0.5565,-0.0836 -0.7891,-0.2415 -0.1556,-0.1123 -0.3213,-0.2178 -0.4701,-0.3369 -0.0852,-0.0791 -0.1589,-0.1698 -0.2187,-0.2695 -0.0081,-0.022 -0.0107,-0.0457 -0.0075,-0.069 0.0031,-0.0233 0.0119,-0.0455 0.0255,-0.0646 0.2007,-0.2246 0.4025,-0.4357 0.6144,-0.6435 0.1001,-0.0991 0.214,-0.1835 0.3382,-0.2504 0.1054,-0.0591 0.223,-0.0933 0.3438,-0.0999 0.3542,-0.0163 0.7091,-0.002 1.0608,0.0426 0.2965,0.0495 0.5772,0.1921 0.8635,0.2943 0.1973,0.0707 0.3968,0.1347 0.5885,0.2178 0.1544,0.064 0.3009,0.1561 0.4869,0.2572 z" fill="#ffffff" id="path15083" style="fill:#606c76;fill-opacity:1"/>
                    <path d="m 30.615416,117.79374 c 0.434,-0.2853 0.8556,-0.5615 1.3336,-0.7479 0.2074,-0.0797 0.4036,-0.1875 0.611,-0.2673 0.3786,-0.1573 0.7983,-0.1876 1.1956,-0.0863 0.3974,0.1013 0.7509,0.3287 1.0071,0.6478 0.1917,0.2122 0.1669,0.3504 -0.0935,0.6019 -0.1636,0.1749 -0.3445,0.333 -0.54,0.4717 -0.1839,0.1143 -0.389,0.1906 -0.6031,0.2246 -0.2561,0.0303 -0.5149,0.0303 -0.7711,0 -0.1675,-0.032 -0.3319,-0.0783 -0.4915,-0.1382 -0.0591,-0.007 -0.1178,-0.0179 -0.1758,-0.0314 -0.2176,-0.0865 -0.4318,-0.1797 -0.6482,-0.2695 -0.2165,-0.0899 -0.4397,-0.1819 -0.6561,-0.2785 -0.0604,-0.0362 -0.1167,-0.0787 -0.168,-0.1269 z" fill="#ffffff" id="path15085" style="fill:#606c76;fill-opacity:1"/>
                    <path d="m 38.745516,149.30974 c -0.3021,0.137 -0.5637,0.2751 -0.8376,0.3717 -0.2739,0.0966 -0.5445,0.1404 -0.8162,0.2111 -0.1833,0.0648 -0.3719,0.114 -0.5636,0.1471 -0.2296,0.008 -0.4595,-0.005 -0.6865,-0.0404 -0.1127,-0.0135 -0.2255,-0.0663 -0.3382,-0.091 -0.3032,-0.0662 -0.5005,-0.2852 -0.7046,-0.4873 -0.1216,-0.1343 -0.2345,-0.2761 -0.3381,-0.4245 -0.0166,-0.0178 -0.0293,-0.0388 -0.0373,-0.0617 -0.008,-0.0229 -0.0112,-0.0472 -0.0093,-0.0713 0.0019,-0.0242 0.0089,-0.0477 0.0204,-0.0691 0.0115,-0.0214 0.0273,-0.0401 0.0464,-0.0551 0.2451,-0.278 0.5547,-0.492 0.9019,-0.6232 0.2346,-0.0955 0.4922,-0.1197 0.7406,-0.0696 0.1064,0.0205 0.2142,0.0336 0.3224,0.0393 0.3698,0.037 0.6764,0.2347 0.992,0.4008 0.3484,0.1853 0.6674,0.4268 0.9999,0.6413 0.088,0.0595 0.186,0.1123 0.3078,0.1819 z" fill="#ffffff" id="path15087" style="fill:#606c76;fill-opacity:1"/>
                    <path d="m 4.6799162,122.93804 c -0.2052,0.2425 -0.3912,0.4739 -0.5907,0.6951 -0.2267,0.271 -0.4703,0.5276 -0.7294,0.7681 -0.253,0.2082 -0.5246,0.3928 -0.8116,0.5514 -0.1253,0.056 -0.2607,0.0858 -0.398,0.0876 -0.1364,0.0146 -0.2762,0 -0.4148,0 -0.3968,0.008 -0.7237,-0.1876 -1.0552,-0.3661 -0.0126,-0.0119 -0.0221,-0.0268 -0.0274,-0.0433 -0.0053,-0.0165 -0.0064,-0.034 -0.003,-0.051 0.159,-0.3302 0.2345,-0.6907 0.4802,-0.9916 0.2894,-0.3631 0.7089,-0.6002 1.1702,-0.6614 0.3821,-0.0596 0.7643,-0.1359 1.1566,-0.1123 0.3573,0.0235 0.7158,0.0438 1.0743,0.0685 0.0514,0.0129 0.1013,0.0313 0.1488,0.055 z" fill="#ffffff" id="path15089" style="fill:#606c76;fill-opacity:1"/>
                    <path d="m 32.599516,119.33554 c 0.292,-0.1347 0.5636,-0.265 0.8443,-0.3874 0.1872,-0.082 0.3811,-0.1505 0.5693,-0.2246 0.4577,-0.1932 0.939,-0.2078 1.426,-0.1999 0.2507,-0.005 0.4964,0.0704 0.7012,0.2145 0.3071,0.2071 0.5683,0.4746 0.7677,0.7861 0.0507,0.0853 0.053,0.137 -0.0316,0.2043 -0.2254,0.1797 -0.4295,0.3785 -0.6572,0.5503 -0.1061,0.0754 -0.2272,0.1275 -0.3551,0.1527 -0.2024,0.0584 -0.4128,0.0841 -0.6234,0.0764 -0.3066,-0.0348 -0.6188,-0.0696 -0.9018,-0.2246 -0.1691,-0.0943 -0.3697,-0.1336 -0.5422,-0.2246 -0.274,-0.1426 -0.5366,-0.3066 -0.8015,-0.4649 -0.1297,-0.0831 -0.2537,-0.1673 -0.3957,-0.2583 z" fill="#ffffff" id="path15091" style="fill:#606c76;fill-opacity:1"/>
                    <path d="m 39.807416,117.41974 c 0.0631,0.1618 0.1184,0.2965 0.1691,0.4324 0.0507,0.1359 0.1059,0.2762 0.1499,0.4177 0.0105,0.064 0.0169,0.1285 0.0192,0.1932 0.0417,0.247 0.0947,0.493 0.1262,0.7423 0.0316,0.2493 0.0541,0.5008 0.0665,0.7512 0.0203,0.4065 -0.1645,0.7322 -0.3979,1.0511 -0.1612,0.2246 -0.3833,0.3549 -0.5884,0.5143 -0.1072,0.0664 -0.2204,0.1224 -0.3382,0.1674 -0.3345,-0.3039 -0.5701,-0.7004 -0.6764,-1.1387 -0.0225,-0.0955 -0.0485,-0.1921 -0.0654,-0.2898 -0.0451,-0.2481 0.0553,-0.475 0.1342,-0.6984 0.2254,-0.6457 0.6245,-1.1904 1.0574,-1.7114 0.1116,-0.1325 0.2175,-0.2662 0.3438,-0.4313 z" fill="#ffffff" id="path15093" style="fill:#606c76;fill-opacity:1"/>
                    <path d="m -4.7453638,133.69714 c 0.49375,0.0539 0.94579,0.0944 1.39558,0.1561 0.24946,0.0286 0.49488,0.0851 0.73161,0.1685 0.49376,0.1909 0.97736,0.3997 1.24002,0.9197 0.16909,0.3368 0.29761,0.6681 0.26266,1.0466 -0.00306,0.0253 -0.0116,0.0496 -0.02503,0.0714 -0.01343,0.0217 -0.03143,0.0402 -0.05275,0.0543 -0.1455,0.0638 -0.2964,0.1145 -0.45092,0.1516 -0.15499,0.0259 -0.3118,0.0394 -0.46895,0.0405 -0.36487,0.004 -0.72189,-0.1056 -1.02133,-0.3133 -0.17204,-0.1317 -0.32394,-0.2875 -0.45091,-0.4627 -0.17586,-0.2066 -0.34383,-0.42 -0.50165,-0.6401 -0.08724,-0.1352 -0.16629,-0.2754 -0.23673,-0.42 -0.14091,-0.2504 -0.27618,-0.5031 -0.4216,-0.7726 z" fill="#ffffff" id="path15095" style="fill:#606c76;fill-opacity:1"/>
                    <path d="m 1.9439162,149.30294 c 0.2323,-0.1628 0.4307,-0.3189 0.6437,-0.4491 0.4701,-0.2886 0.9424,-0.584 1.4723,-0.7457 0.3434,-0.1016 0.7075,-0.112 1.0562,-0.0303 0.4194,0.0954 0.7463,0.347 1.0383,0.6468 0.1127,0.1123 0.0778,0.2774 -0.0756,0.4425 -0.1533,0.165 -0.2773,0.3268 -0.4351,0.4705 -0.1128,0.1019 -0.2425,0.1835 -0.3833,0.2414 -0.3122,0.1258 -0.6369,0.2246 -0.9785,0.1741 -0.2119,-0.0315 -0.4193,-0.0955 -0.6301,-0.1438 -0.1668,-0.0381 -0.3382,-0.0685 -0.5017,-0.1122 -0.1893,-0.0539 -0.3753,-0.1191 -0.5636,-0.1853 -0.1511,-0.0539 -0.2987,-0.1123 -0.4442,-0.1775 -0.0691,-0.0391 -0.1354,-0.083 -0.1984,-0.1314 z" fill="#ffffff" id="path15097" style="fill:#606c76;fill-opacity:1"/>
                    <path d="m 34.099916,148.55054 c -0.2008,-0.2269 -0.3889,-0.4645 -0.5637,-0.7119 -0.1014,-0.1583 -0.2254,-0.3234 -0.213,-0.5402 0.0056,-0.0965 -0.0744,-0.2032 -0.0564,-0.293 0.0643,-0.3223 0.0417,-0.6637 0.2255,-0.9635 0.0902,-0.1505 0.1307,-0.3302 0.2142,-0.484 0.1431,-0.2617 0.2987,-0.5155 0.4565,-0.767 0.097,-0.1561 0.2097,-0.3021 0.3111,-0.4559 0.0688,-0.1045 0.1207,-0.1247 0.1714,0.0134 0.0744,0.201 0.1556,0.4009 0.2322,0.6031 0.0767,0.2021 0.1522,0.3795 0.2108,0.5749 0.0699,0.2313 0.1218,0.4683 0.177,0.703 0.037,0.1106 0.0576,0.226 0.0609,0.3425 -0.0192,0.2785 -0.0169,0.5716 -0.1127,0.8287 -0.1277,0.3286 -0.3501,0.6123 -0.6392,0.8153 -0.1432,0.1101 -0.2976,0.2111 -0.4746,0.3346 z" fill="#ffffff" id="path15099" style="fill:#606c76;fill-opacity:1"/>
                    <path d="m 3.4320162,139.77234 c 0.0744,0.2662 0.1386,0.4975 0.2029,0.7299 0.0496,0.1808 0.1003,0.3628 0.151,0.5436 0.0039,0.0102 0.007,0.0207 0.0091,0.0314 0.0236,0.4896 0.0845,0.9815 0.0529,1.4677 -0.0146,0.2246 -0.1769,0.4683 -0.3224,0.6671 -0.1668,0.218 -0.3595,0.4152 -0.5737,0.5873 -0.1328,0.096 -0.2828,0.1657 -0.4419,0.2055 -0.044,0.0135 -0.1376,-0.0607 -0.1782,-0.1123 -0.3111,-0.4222 -0.5546,-0.8782 -0.5264,-1.4183 0.0016,-0.2794 0.0796,-0.5531 0.2255,-0.7917 0.1127,-0.1696 0.1769,-0.3728 0.2908,-0.5413 0.1849,-0.2706 0.3867,-0.53 0.5918,-0.7861 0.1567,-0.1931 0.3269,-0.3683 0.5186,-0.5828 z" fill="#ffffff" id="path15101" style="fill:#606c76;fill-opacity:1"/>
                    <path d="m 45.349116,133.69154 c -0.0012,0.0523 -0.0103,0.1042 -0.027,0.1538 -0.1376,0.2561 -0.2706,0.5155 -0.4239,0.7614 -0.1668,0.265 -0.3506,0.5188 -0.5332,0.7737 -0.2278,0.3487 -0.5498,0.6263 -0.9289,0.8007 -0.3198,0.1365 -0.6741,0.1714 -1.0146,0.0999 -0.1307,-0.028 -0.2649,-0.0415 -0.3934,-0.0763 -0.101,-0.0314 -0.2,-0.0689 -0.2965,-0.1123 -0.0236,-0.3976 0.1128,-0.7445 0.2683,-1.0927 0.1271,-0.2598 0.3188,-0.4828 0.5569,-0.6479 0.1546,-0.1 0.3218,-0.1793 0.4971,-0.2358 0.1232,-0.0449 0.2489,-0.0824 0.3766,-0.1123 0.0789,-0.0225 0.1612,-0.0326 0.2401,-0.0539 0.4845,-0.1393 0.9872,-0.2056 1.4914,-0.1966 0.065,-0.0117 0.128,-0.0325 0.1871,-0.0617 z" fill="#ffffff" id="path15103" style="fill:#606c76;fill-opacity:1"/>
                    <path d="m 36.015216,122.89084 c 0.204,0 0.408,0 0.6121,-0.006 0.3449,-0.0157 0.6933,-0.0842 1.0326,-0.0528 0.4689,0.0427 0.957,0.0696 1.3741,0.3234 0.2431,0.1488 0.4511,0.348 0.6099,0.584 0.1567,0.2246 0.1826,0.4952 0.3235,0.7187 0.0598,0.0965 -0.0338,0.2639 -0.1522,0.3256 -0.4418,0.2347 -0.9473,0.3228 -1.4429,0.2516 -0.2338,-0.0404 -0.4543,-0.1367 -0.6425,-0.2808 -0.2996,-0.2339 -0.5803,-0.4907 -0.8399,-0.7681 -0.3145,-0.3245 -0.6053,-0.6738 -0.9018,-1.0106 z" fill="#ffffff" id="path15105" style="fill:#606c76;fill-opacity:1"/>
                    <path d="m -3.5019638,140.23284 c 0.11558,-0.034 0.23352,-0.0596 0.35285,-0.0764 0.57266,-0.0382 1.14419,-0.0887 1.71686,-0.0954 0.39906,0 0.80714,0.037 1.14645,0.2841 0.16447,0.1265 0.31761,0.267 0.45768,0.42 0.20607,0.2379 0.34874,0.5237 0.41484,0.8309 0.0062,0.0334 0.004,0.0678 -0.0065,0.1002 -0.0104,0.0323 -0.0287,0.0616 -0.0532,0.0851 -0.18605,0.1067 -0.38332,0.1954 -0.57947,0.2841 -0.28316,0.141 -0.60634,0.1806 -0.91536,0.1123 -0.2988,-0.0581 -0.58145,-0.1799 -0.82856,-0.3571 -0.1488,-0.1123 -0.32466,-0.1954 -0.4712,-0.3121 -0.14379,-0.1193 -0.27762,-0.25 -0.40019,-0.3908 -0.24575,-0.2729 -0.48361,-0.5525 -0.7271,-0.8288 -0.0124,-0.0202 -0.03946,-0.0202 -0.1071,-0.0561 z" fill="#ffffff" id="path15107" style="fill:#606c76;fill-opacity:1"/>
                    <path d="m 44.986116,137.04804 c -0.0901,0.1314 -0.1702,0.2493 -0.2514,0.3661 -0.2297,0.3652 -0.5013,0.7024 -0.8093,1.0051 -0.1658,0.1504 -0.2909,0.3469 -0.4645,0.4851 -0.1712,0.1168 -0.3527,0.2179 -0.5422,0.302 -0.3585,0.1887 -0.7429,0.1281 -1.1115,0.073 -0.2255,-0.0348 -0.4306,-0.1673 -0.6426,-0.2616 -0.0142,-0.0112 -0.0255,-0.0255 -0.033,-0.042 -0.0074,-0.0164 -0.0108,-0.0343 -0.0098,-0.0523 0.0489,-0.2566 0.1292,-0.5063 0.239,-0.7434 0.0774,-0.163 0.1776,-0.3142 0.2976,-0.4492 0.2256,-0.2565 0.5214,-0.4418 0.8511,-0.5334 0.3647,-0.1136 0.7452,-0.1682 1.1273,-0.1617 0.2254,0 0.4509,-0.0315 0.6763,-0.0304 0.2255,0.001 0.4126,0.0236 0.673,0.0427 z" fill="#ffffff" id="path15109" style="fill:#606c76;fill-opacity:1"/>
                    <path d="m 41.604316,130.24184 c -0.3202,0.0303 -0.6133,0.0741 -0.9075,0.0831 -0.2591,0.0127 -0.5175,-0.0361 -0.7539,-0.1425 -0.2364,-0.1065 -0.444,-0.2674 -0.6056,-0.4696 -0.2107,-0.2671 -0.4035,-0.5477 -0.5772,-0.8399 -0.1691,-0.2684 -0.3247,-0.5447 -0.4723,-0.8254 -0.0632,-0.146 -0.1163,-0.296 -0.159,-0.4492 0.168,0.027 0.3134,0.0517 0.4588,0.073 0.1454,0.0213 0.2616,0.0191 0.3878,0.0483 0.2916,0.0674 0.5821,0.1422 0.8714,0.2246 0.222,0.0542 0.4389,0.1274 0.6482,0.219 0.2408,0.1082 0.4559,0.2659 0.6313,0.4626 0.1882,0.2246 0.2796,0.4896 0.39,0.7546 0.1195,0.2785 0.035,0.557 0.088,0.8614 z" fill="#ffffff" id="path15111" style="fill:#606c76;fill-opacity:1"/>
                    <path d="m 41.266116,142.22044 c -0.1748,-0.0483 -0.4352,-0.1123 -0.6866,-0.1965 -0.1454,-0.0643 -0.2869,-0.1371 -0.4238,-0.2179 -0.0207,-0.008 -0.0397,-0.0199 -0.0557,-0.0352 -0.016,-0.0153 -0.0288,-0.0336 -0.0376,-0.0539 -0.0088,-0.0203 -0.0135,-0.0421 -0.0137,-0.0642 -3e-4,-0.0221 0.0039,-0.0441 0.0123,-0.0645 0.1307,-0.3257 0.2356,-0.6671 0.5174,-0.9085 0.142,-0.1202 0.2649,-0.2762 0.4261,-0.3582 0.2149,-0.1111 0.4463,-0.1869 0.6854,-0.2246 0.3095,-0.0347 0.621,-0.0474 0.9323,-0.0382 0.2457,0 0.4911,0.0101 0.7361,0.0303 0.1867,0.0206 0.3722,0.0506 0.5558,0.0899 0.058,0.017 0.1143,0.0395 0.1679,0.0673 -0.0288,0.066 -0.0643,0.1288 -0.1059,0.1876 -0.1849,0.2066 -0.372,0.4121 -0.5637,0.6097 -0.1603,0.165 -0.3296,0.3209 -0.5073,0.4672 -0.171,0.136 -0.3506,0.2609 -0.5377,0.3739 -0.3303,0.2082 -0.7107,0.3242 -1.1013,0.3358 z" fill="#ffffff" id="path15113" style="fill:#606c76;fill-opacity:1"/>
                    <path d="m 38.744316,135.02334 c 0.1903,0.1147 0.3746,0.2387 0.5524,0.3717 0.4201,0.3264 0.822,0.6755 1.2039,1.0455 0.2378,0.2401 0.4037,0.5415 0.4791,0.8703 0.0485,0.2145 0.1128,0.4155 0.0496,0.63 -0.0823,0.2886 -0.1724,0.5761 -0.2683,0.8602 -0.014,0.0182 -0.0324,0.0326 -0.0535,0.042 -0.021,0.009 -0.0441,0.0135 -0.0671,0.0119 -0.4633,-0.0753 -0.9018,-0.2123 -1.2501,-0.5491 -0.1905,-0.1818 -0.3387,-0.403 -0.434,-0.648 -0.1318,-0.36 -0.2005,-0.7398 -0.203,-1.123 -0.0169,-0.3885 -0.0372,-0.7771 -0.0484,-1.1667 0.0049,-0.1157 0.0181,-0.2309 0.0394,-0.3448 z" fill="#ffffff" id="path15115" style="fill:#606c76;fill-opacity:1"/>
                    <path d="m 16.022716,153.18284 c 0,0.3054 0,0.6041 0,0.8984 -0.0092,0.3372 0.0746,0.6704 0.2424,0.9635 0.0698,0.1179 -0.0215,0.2807 -0.2041,0.3548 -0.2254,0.0921 -0.4701,0.1561 -0.6865,0.2684 -0.2536,0.1314 -0.5253,0.1449 -0.7891,0.1932 -0.2153,0.037 -0.4239,0.1055 -0.6369,0.1561 -0.0533,0.005 -0.1069,0.005 -0.1601,0 0.0485,-0.1123 0.0879,-0.2168 0.1341,-0.3145 0.2007,-0.4245 0.3799,-0.8613 0.611,-1.2689 0.2311,-0.4077 0.5073,-0.7861 0.9176,-1.0309 0.1202,-0.0639 0.2454,-0.118 0.3743,-0.1617 0.0507,-0.0135 0.1105,-0.0281 0.1973,-0.0584 z" fill="#ffffff" id="path15117" style="fill:#606c76;fill-opacity:1"/>
                    <path d="m 14.476116,149.49954 c 0.2671,0.0999 0.5016,0.1763 0.7271,0.2762 0.2525,0.1123 0.4982,0.2414 0.7417,0.3717 0.0213,0.0147 0.039,0.0339 0.0519,0.0562 0.0128,0.0223 0.0205,0.0473 0.0225,0.0729 0,0.803 0,1.6059 0,2.4447 -0.2412,-0.1852 -0.5061,-0.2863 -0.6527,-0.5457 -0.0845,-0.1516 -0.2074,-0.283 -0.2807,-0.4391 -0.0981,-0.2089 -0.1646,-0.4312 -0.2424,-0.6479 -0.0383,-0.1123 -0.0755,-0.2179 -0.1059,-0.3291 -0.0305,-0.1111 -0.0643,-0.2538 -0.0925,-0.3829 -0.0488,-0.2246 -0.0962,-0.4492 -0.142,-0.6738 -0.009,-0.0606 -0.0146,-0.1224 -0.027,-0.2032 z" fill="#ffffff" id="path15119" style="fill:#606c76;fill-opacity:1"/>
                    <path d="m 25.428816,153.54444 c 0.7091,0.7221 1.0833,1.58 1.4429,2.4885 -0.1984,-0.0315 -0.3652,-0.0517 -0.5287,-0.0842 -0.284,-0.0573 -0.5636,-0.1123 -0.8466,-0.1865 -0.1769,-0.0477 -0.3512,-0.1051 -0.5219,-0.1718 -0.0225,-0.008 -0.0417,-0.0819 -0.0304,-0.1123 0.0339,-0.0765 0.0746,-0.1498 0.1217,-0.2189 0.2828,-0.4566 0.4104,-0.9917 0.3641,-1.5262 -0.0033,-0.0471 -0.0011,-0.0932 -0.0011,-0.1886 z" fill="#ffffff" id="path15121" style="fill:#606c76;fill-opacity:1"/>
                    <path d="m 25.438916,149.78704 0.7294,-0.2886 c -0.0967,0.8472 -0.3277,1.6739 -0.6843,2.4491 l -0.0428,-0.008 z" fill="#ffffff" id="path15123" style="fill:#606c76;fill-opacity:1"/>
                    <path d="m 19.937816,152.51694 c 0,-0.2179 -0.0384,-0.4425 0.0067,-0.6502 0.0606,-0.2546 0.1566,-0.4996 0.2852,-0.7277 0.0925,-0.1662 0.2559,-0.292 0.3822,-0.4402 0.0699,-0.0809 0.1195,-0.0663 0.1916,0 0.2635,0.2252 0.4646,0.5141 0.584,0.8388 0.1025,0.3178 0.2006,0.648 0.0642,1.0107 0.2514,-0.1696 0.4859,-0.3773 0.8083,-0.2864 0.1423,0.0434 0.2709,0.1226 0.3734,0.23 0.1025,0.1075 0.1754,0.2394 0.2116,0.3832 0.0548,0.1848 0.0466,0.3824 -0.0234,0.562 -0.0699,0.1796 -0.1977,0.3311 -0.3632,0.4307 -0.0496,-0.356 -0.2503,-0.5334 -0.4724,-0.5772 -0.2987,-0.0595 -0.6109,0.119 -0.7744,0.3717 -0.3111,0.4817 -0.0913,1.0511 0.2931,1.4059 0.3292,0.3044 0.7316,0.3459 1.1329,0.2752 0.264,-0.0538 0.4994,-0.201 0.6629,-0.4144 0.2527,-0.3313 0.4116,-0.7242 0.4599,-1.1376 0.0169,-0.1123 0.0541,-0.2246 0.0631,-0.3369 0.0198,-0.4031 -0.0325,-0.8065 -0.1544,-1.1914 -0.1127,-0.3841 -0.2582,-0.7389 -0.5501,-1.0186 -0.1218,-0.1317 -0.2762,-0.2291 -0.4478,-0.2823 -0.1716,-0.0533 -0.3543,-0.0605 -0.5296,-0.0209 -0.1454,-0.2066 -0.1251,-0.7692 0.0857,-1.0016 0.4182,-0.4616 0.9108,-0.4032 1.4068,-0.1292 0.0429,-0.274 0.0665,-0.5435 0.1274,-0.8052 0.1442,-0.6118 0.5089,-1.1496 1.0247,-1.5115 0.3292,-0.2425 0.947,-0.1886 1.2198,0.0843 0.1533,0.1538 0.3753,0.6648 0.3257,0.8804 -0.0182,0.008 -0.0376,0.0135 -0.0574,0.0157 -0.3597,-0.0213 -0.5457,0.1763 -0.6764,0.4862 -0.0678,0.1688 -0.1004,0.3495 -0.0958,0.5312 -0.0113,1.0286 -0.0282,2.0584 -0.0395,3.0882 0,0.4604 0,0.9208 0.0056,1.3812 0.0147,0.6648 -0.2412,1.2285 -0.6425,1.7372 -0.2865,0.3517 -0.6252,0.6577 -1.0044,0.9074 -0.2617,0.1657 -0.5348,0.3128 -0.8173,0.4402 -0.1894,0.0932 -0.3901,0.1651 -0.5907,0.2482 -0.0575,-0.1258 -0.0879,-0.1831 0.0879,-0.2516 0.5424,-0.1956 1.0405,-0.4963 1.4655,-0.8849 0.1869,-0.1566 0.3184,-0.3687 0.3754,-0.6053 -0.1004,0.0753 -0.195,0.1584 -0.301,0.2246 -0.2863,0.1763 -0.5727,0.356 -0.8703,0.5143 -0.2254,0.1191 -0.4633,0.2011 -0.6921,0.3077 -0.2289,0.1067 -0.3382,0.0517 -0.4577,-0.1605 -0.1763,-0.313 -0.3784,-0.6109 -0.6042,-0.8906 -0.1751,-0.1863 -0.371,-0.3521 -0.584,-0.4941 -0.0304,-0.0192 -0.065,-0.0308 -0.1009,-0.0339 -0.0359,-0.003 -0.072,0.002 -0.1054,0.016 -0.2356,0.174 -0.4926,0.3369 -0.6763,0.5615 -0.265,0.3178 -0.4735,0.6816 -0.7305,1.0623 -0.3664,-0.0427 -0.7429,-0.2415 -1.1149,-0.4267 -0.3595,-0.2002 -0.7076,-0.4198 -1.0428,-0.6581 0.0372,0.2145 0.1759,0.3638 0.3224,0.5109 0.3521,0.3551 0.7744,0.6335 1.2401,0.8176 0.1454,0.0584 0.284,0.1347 0.4374,0.2077 l -0.0361,0.1786 c -0.1153,-0.0326 -0.2283,-0.0728 -0.3382,-0.1202 -0.3168,-0.1595 -0.6302,-0.3268 -0.9424,-0.4941 -0.4218,-0.2371 -0.7923,-0.555 -1.0901,-0.9354 -0.3179,-0.3875 -0.593,-0.8131 -0.6369,-1.3274 -0.0327,-0.3762 -0.0102,-0.7569 -0.0136,-1.1353 -0.0078,-0.84 -0.0191,-1.6844 -0.0259,-2.5199 0,-0.3369 0.0203,-0.6794 0,-1.0174 -0.0209,-0.2788 -0.0673,-0.5551 -0.1386,-0.8254 -0.0587,-0.2302 -0.372,-0.4301 -0.6133,-0.4346 -0.044,0 -0.0879,0 -0.1488,-0.009 0.0299,-0.2176 0.1264,-0.4206 0.2766,-0.5814 0.1501,-0.1609 0.3464,-0.2715 0.5621,-0.317 0.6764,-0.1785 1.24,0.137 1.5591,0.6794 0.1127,0.1977 0.1465,0.4605 0.1792,0.6985 0.0394,0.2898 0.0394,0.5851 0.0586,0.8984 0.0598,-0.0201 0.1169,-0.0472 0.1702,-0.0809 0.2525,-0.1998 0.9199,-0.256 1.2107,0.0697 0.1353,0.1527 0.2638,0.3122 0.2469,0.5412 -0.0113,0.1494 0,0.2999 0,0.4492 0,0.082 -0.0225,0.1123 -0.1217,0.0966 -0.407,-0.0618 -0.7271,0.1033 -0.9932,0.3998 -0.2238,0.2402 -0.3774,0.5369 -0.4441,0.8579 -0.0722,0.3717 -0.1793,0.7479 -0.1714,1.123 0.0124,0.5772 0.124,1.1432 0.5129,1.6193 0.3382,0.4121 0.7835,0.5053 1.2626,0.4211 0.3686,-0.0651 0.6381,-0.3155 0.8286,-0.6491 0.07,-0.1271 0.1135,-0.2671 0.1278,-0.4115 0.0144,-0.1443 -8e-4,-0.2901 -0.0444,-0.4284 -0.0355,-0.1369 -0.1078,-0.2614 -0.2091,-0.3604 -0.1013,-0.0989 -0.2278,-0.1685 -0.3658,-0.2011 -0.1154,-0.035 -0.2388,-0.0335 -0.3533,0.004 -0.1145,0.0378 -0.2144,0.11 -0.2859,0.2068 -0.0636,0.1096 -0.1125,0.227 -0.1454,0.3492 -0.1042,-0.0547 -0.1928,-0.135 -0.2572,-0.2332 -0.0645,-0.0982 -0.1029,-0.2112 -0.1114,-0.3282 -0.0474,-0.3953 0.0518,-0.7412 0.4317,-0.9602 0.1065,-0.0588 0.2271,-0.0874 0.3487,-0.0827 0.1217,0.005 0.2397,0.0427 0.3412,0.1097 0.0767,0.0584 0.159,0.1123 0.2379,0.1662 l 0.0236,0.009 z" fill="#ffffff" id="path15125" style="fill:#606c76;fill-opacity:1"/>
                    <path d="m 20.709916,156.15414 c 0.3107,0.3593 0.5532,0.7717 0.7159,1.2173 0.195,0.5143 0.2006,1.0264 0.1555,1.5576 -0.0317,0.3504 -0.1981,0.6751 -0.4644,0.9062 -0.3495,0.3223 -0.6065,0.2325 -0.9165,-0.0786 -0.2908,-0.2908 -0.3968,-0.6738 -0.4239,-1.0702 -0.0209,-0.3796 0.0264,-0.7599 0.1398,-1.1229 0.1282,-0.4504 0.346,-0.8705 0.6403,-1.2353 0.0226,-0.0281 0.053,-0.0517 0.0778,-0.0786 0.0248,-0.027 0.0428,-0.0562 0.0755,-0.0955 z" fill="#ffffff" id="path15127" style="fill:#606c76;fill-opacity:1"/>
                    <path d="m 19.937716,152.51694 0.0124,0.0191 -0.0236,-0.009 z" fill="#ffffff" id="path15129" style="fill:#606c76;fill-opacity:1"/>
                    <path d="m 9.4427162,129.57924 c 0.7071998,0 1.2805998,-0.5712 1.2805998,-1.2757 0,-0.7045 -0.5734,-1.2757 -1.2805998,-1.2757 -0.7073,0 -1.2806,0.5712 -1.2806,1.2757 0,0.7045 0.5733,1.2757 1.2806,1.2757 z" fill="#ffffff" id="path15131" style="fill:#606c76;fill-opacity:1"/>
                    <path d="m 30.817216,128.24624 h -2.1655 l -2.6446,6.2347 h -4.3559 v -1.2869 h 3.8903 v -1.7642 h -3.8903 v -1.2229 h 4.295 v -1.9034 h -6.5169 v 2.0988 c -0.6763,-1.2858 -2.1046,-2.0988 -4.1292,-2.0988 h -3.126 v 6.9759 h -0.7711 c -0.6504,0 -0.771,-0.137 -0.771,-0.803 v -4.1673 H 7.1171162 v 1.1331 h 0.5478 c 0.7542,0 0.7711,0.1875 0.7711,0.9051 v 2.1336 c 0,0.6491 -0.1195,0.8029 -0.8049,0.8029 h -0.514 v 1.0983 h 8.1367998 c 2.046,0 3.4946,-0.8512 4.1709,-2.1628 v 2.1628 h 8.1346 l 0.5783,-1.4419 h 3.1271 l 0.5907,1.4419 h 2.4078 z m -13.2479,4.1056 c 0,1.3037 -0.8917,2.0427 -2.2343,2.0427 h -0.9153 v -4.1067 h 0.9187 c 1.3426,0 2.2343,0.7501 2.2343,2.0415 z m 11.2335,0.8422 0.9142,-2.2953 0.9018,2.2953 z" fill="#ffffff" id="path15133" style="fill:#606c76;fill-opacity:1"/>
                  </g>
                </g>
              </g>
            </svg>
          </a>
        <a  href="https://www.coursera.org/my-learning?myLearningTab=IN_PROGRESS" aria-label="View the homepage"> 
          <svg xmlns:inkscape="http://www.inkscape.org/namespaces/inkscape" xmlns:sodipodi="http://sodipodi.sourceforge.net/DTD/sodipodi-0.dtd" xmlns="http://www.w3.org/2000/svg" xmlns:svg="http://www.w3.org/2000/svg" width="17.472618mm" height="17.472618mm" viewBox="0 0 17.472618 17.472618" version="1.1" id="svg11035" inkscape:export-filename="bitmap.png" inkscape:export-xdpi="96" inkscape:export-ydpi="96" inkscape:version="1.2.1 (9c6d41e410, 2022-07-14)" sodipodi:docname="drawing4.svg">
            <sodipodi:namedview id="namedview11037" pagecolor="#ffffff" bordercolor="#999999" borderopacity="1" inkscape:showpageshadow="0" inkscape:pageopacity="0" inkscape:pagecheckerboard="0" inkscape:deskcolor="#d1d1d1" inkscape:document-units="mm" showgrid="false" inkscape:zoom="8.6174174" inkscape:cx="16.942431" inkscape:cy="34.69717" inkscape:window-width="1920" inkscape:window-height="1009" inkscape:window-x="-8" inkscape:window-y="-8" inkscape:window-maximized="1" inkscape:current-layer="layer1"/>
            <defs id="defs11032"/>
            <g inkscape:label="Layer 1" inkscape:groupmode="layer" id="layer1" transform="translate(-87.007112,-132.42553)">
              <g id="g14695" transform="matrix(0.5984531,0,0,0.5984531,37.82984,74.303495)">
                <g id="g10821-0" transform="translate(15.49761,-49.90387)">
                  <rect style="fill:#606c76;fill-opacity:1;stroke-width:0.258" id="rect1069-4" width="29.196302" height="29.196302" x="66.676369" y="147.02432" ry="0.97348827"/>
                  <rect style="fill:#008080;stroke-width:0.0734395" id="rect517-0" width="0.072110236" height="0.036055118" x="-73.30851" y="-168.96954" ry="0.018027559" transform="scale(-1)"/>
                  <rect style="fill:#ececec;fill-opacity:1;stroke-width:0.258" id="rect1053-0" width="27.106329" height="27.106329" x="148.06931" y="-94.827682" transform="rotate(90)" ry="0.97348827"/>
                  <path style="fill:#606c76;fill-opacity:1;stroke-width:0.026893" d="m 89.201807,169.43469 4.65861,-4.64821 -0.008,4.31726 c -0.007,4.10359 -0.01,4.32368 -0.0578,4.44673 -0.0675,0.17379 -0.24265,0.36692 -0.4151,0.4579 l -0.1413,0.0745 -3.33707,0.008 c -1.83538,0.004 -3.79187,0.004 -4.34776,0 l -1.01071,-0.008 z" id="path1059-6"/>
                </g>
                <path d="m 104.52903,111.59779 a 3.2933395,3.2933395 0 0 0 -0.0117,-0.18044 v -0.001 -10e-4 a 3.8684287,3.8684287 0 0 0 -0.64043,-1.82037 4.0217428,4.0217428 0 0 0 -0.56086,-0.67212 4.0683192,4.0683192 0 0 0 -1.06091,-0.73099 4.5386115,4.5386115 0 0 0 -1.97367,-0.43212 4.7546742,4.7546742 0 0 0 -1.646995,0.28721 4.0903135,4.0903135 0 0 0 -1.178642,0.64432 4.1724692,4.1724692 0 0 0 -0.215425,0.18753 l -0.05499,0.055 -0.0757,0.0809 h 6.48e-4 l -0.03623,0.0354 -0.01687,0.0171 -0.09122,0.0951 c -0.06729,0.0758 -0.130683,0.15134 -0.191489,0.22567 v -0.001 l -0.0027,-0.002 c -0.124203,0.15085 -0.239361,0.30794 -0.323448,0.44831 -0.05758,0.0905 -0.113861,0.18312 -0.167553,0.27623 l -0.741987,1.50015 0.0013,6.3e-4 -0.03883,0.0763 -0.08151,0.16552 c -0.162369,0.32926 -0.337032,0.65789 -0.5311,0.9283 -0.434713,0.47677 -0.925704,0.71028 -1.556427,0.71028 -0.04398,0 -0.08993,-0.002 -0.135206,-0.005 -0.380374,-0.0147 -0.706409,-0.10488 -0.995571,-0.27623 a 1.6664001,1.6664001 0 0 1 -0.643004,-0.6663 1.7200923,1.7200923 0 0 1 -0.210877,-0.88558 l 0.0013,-0.022 c 0.02005,-0.49163 0.20765,-0.87461 0.584792,-1.20387 0.09186,-0.0802 0.188237,-0.14743 0.288514,-0.20709 0.01369,-0.007 0.02846,-0.0147 0.04205,-0.0245 0.280751,-0.1533 0.599671,-0.22958 0.965168,-0.22958 l 0.113861,0.002 c 0.581557,0.022 1.029855,0.20317 1.387588,0.55825 l 1.121714,-2.01374 a 4.4279924,4.4279924 0 0 0 -0.905005,-0.45928 c -0.01222,-0.005 -0.02587,-0.01 -0.03883,-0.0147 -0.0401,-0.0147 -0.07956,-0.0291 -0.120316,-0.0421 a 4.8031911,4.8031911 0 0 0 -1.110071,-0.22518 3.5870297,3.5870297 0 0 1 -0.02975,-0.005 c -0.05888,-0.002 -0.119021,-0.01 -0.177895,-0.0122 a 6.44695,6.44695 0 0 0 -0.192125,-0.005 h -0.03557 a 4.5314955,4.5314955 0 0 0 -1.958798,0.43339 3.9952202,3.9952202 0 0 0 -1.618529,1.40118 3.885248,3.885248 0 0 0 -0.657245,2.18716 c -0.0013,1.01175 0.367438,1.90056 1.100369,2.64774 0.765922,0.78339 1.760199,1.20581 2.954367,1.25561 0.07633,0.002 0.152027,0.005 0.228359,0.005 0.676003,0 1.300904,-0.12029 1.86176,-0.36095 0.140365,-0.0601 0.276226,-0.13007 0.415307,-0.20831 0.0757,-0.0433 0.14748,-0.09 0.218653,-0.13912 l 0.05176,-0.0354 0.08863,-0.0601 c 0.106087,-0.0763 0.205058,-0.15917 0.302099,-0.24648 l 0.03364,-0.0323 c 0.05692,-0.0538 0.113862,-0.10856 0.167553,-0.16504 l 0.201196,-0.22762 0.07633,-0.0958 0.03623,-0.0523 0.03557,-0.0511 c 0.298867,-0.502 1.27115,-2.32948 1.27115,-2.32948 v -0.005 l 0.05821,-0.11124 0.04787,-0.0873 c 0.143617,-0.26068 0.247112,-0.44571 0.384254,-0.64041 l 0.0039,-0.007 c 0.318913,-0.46383 0.869419,-0.79373 1.517606,-0.84938 1.08678,-0.0939 2.03901,0.62039 2.12634,1.5946 0.0873,0.97488 -0.72258,1.84105 -1.81001,1.93487 a 2.2104383,2.2104383 0 0 1 -0.654007,-0.0413 l -0.0059,0.002 c -0.796978,-0.16626 -1.30479,-0.74716 -1.555136,-1.00786 l -1.04603,1.92386 c 0,0 0.325389,0.32733 0.547921,0.491 0.223836,0.16356 0.511693,0.3241 0.74134,0.42437 a 4.6259421,4.6259421 0 0 0 1.835892,0.38102 c 0.0783,0 0.0628,0 0.14361,-0.002 1.19287,-0.0499 2.25701,-0.50718 3.02423,-1.29057 0.72646,-0.74392 1.12107,-1.5933 1.1243,-2.5992 v -0.0303 z" id="path14218" style="fill:#606c76;fill-opacity:1;stroke-width:0.646894"/>
              </g>
            </g>
          </svg>
          </a>
		<a  href="https://www.udemy.com/home/my-courses/learning/" aria-label="View the homepage"> 
          <svg xmlns:inkscape="http://www.inkscape.org/namespaces/inkscape" xmlns:sodipodi="http://sodipodi.sourceforge.net/DTD/sodipodi-0.dtd" xmlns="http://www.w3.org/2000/svg" xmlns:svg="http://www.w3.org/2000/svg" width="17.472618mm" height="17.472618mm" viewBox="0 0 17.472618 17.472618" version="1.1" id="svg11035" inkscape:export-filename="bitmap.png" inkscape:export-xdpi="96" inkscape:export-ydpi="96" inkscape:version="1.2.1 (9c6d41e410, 2022-07-14)" sodipodi:docname="drawing5.svg">
            <sodipodi:namedview id="namedview11037" pagecolor="#ffffff" bordercolor="#999999" borderopacity="1" inkscape:showpageshadow="0" inkscape:pageopacity="0" inkscape:pagecheckerboard="0" inkscape:deskcolor="#d1d1d1" inkscape:document-units="mm" showgrid="false" inkscape:zoom="8.6174174" inkscape:cx="29.939364" inkscape:cy="32.260245" inkscape:window-width="1920" inkscape:window-height="1009" inkscape:window-x="-8" inkscape:window-y="-8" inkscape:window-maximized="1" inkscape:current-layer="layer1"/>
            <defs id="defs11032"/>
            <g inkscape:label="Layer 1" inkscape:groupmode="layer" id="layer1" transform="translate(-87.007112,-132.42553)">
              <g id="g1051" transform="matrix(0,-0.59845298,0.59845298,0,3.6968089,200.43925)">
                <g id="g1065" transform="rotate(90,94.070241,166.60331)">
                  <g id="g11752">
                    <g id="g10821">
                      <rect style="fill:#606c76;fill-opacity:1;stroke-width:0.258" id="rect1069" width="29.196302" height="29.196302" x="66.676369" y="147.02432" ry="0.97348827"/>
                      <rect style="fill:#008080;stroke-width:0.0734395" id="rect517" width="0.072110236" height="0.036055118" x="-73.30851" y="-168.96954" ry="0.018027559" transform="scale(-1)"/>
                      <rect style="fill:#ececec;fill-opacity:1;stroke-width:0.258" id="rect1053" width="27.106329" height="27.106329" x="148.06931" y="-94.827682" transform="rotate(90)" ry="0.97348827"/>
                      <path style="fill:#606c76;fill-opacity:1;stroke-width:0.026893" d="m 89.201807,169.43469 4.65861,-4.64821 -0.008,4.31726 c -0.007,4.10359 -0.01,4.32368 -0.0578,4.44673 -0.0675,0.17379 -0.24265,0.36692 -0.4151,0.4579 l -0.1413,0.0745 -3.33707,0.008 c -1.83538,0.004 -3.79187,0.004 -4.34776,0 l -1.01071,-0.008 z" id="path1059"/>
                    </g>
                    <g id="g11742" transform="matrix(0.67113468,0,0,0.67113468,2.8907107,57.051818)">
                      <path style="fill:#606c76;fill-opacity:1;stroke-width:0.0308785" d="m 116.30235,168.12003 c -0.89362,-0.0673 -1.62834,-0.21423 -2.21664,-0.44319 -0.73772,-0.2871 -1.42861,-0.7259 -1.96497,-1.248 -0.86906,-0.84594 -1.39759,-2.0314 -1.51637,-3.40111 -0.0208,-0.23993 -0.0331,-1.98783 -0.0333,-4.74202 l -2.7e-4,-4.36203 h 1.61498 1.61498 l 3e-5,4.21953 c 3e-5,4.50714 -0.002,4.43572 0.15531,4.94567 0.14515,0.46991 0.35381,0.8142 0.7128,1.17608 0.40947,0.41279 0.79907,0.62476 1.45932,0.79401 0.29986,0.0769 1.02031,0.0767 1.31415,-2.6e-4 1.17731,-0.30852 1.88497,-1.00553 2.22272,-2.18927 l 0.0723,-0.25333 0.009,-4.3462 0.009,-4.34618 h 1.62995 1.62995 v 4.15441 c 0,2.63123 -0.0123,4.3176 -0.0336,4.59952 -0.0387,0.5118 -0.13206,1.10598 -0.22424,1.42678 -0.035,0.12191 -0.0781,0.27153 -0.0956,0.33249 -0.10471,0.36354 -0.45226,1.03378 -0.7307,1.40915 -0.6738,0.90837 -1.80018,1.64969 -3.04825,2.0062 -0.71636,0.20463 -1.85338,0.32262 -2.5808,0.26781 z" id="path11736"/>
                      <path style="fill:#606c76;fill-opacity:1;stroke-width:0.0308785" d="m 110.57076,148.94239 v -1.81689 l 0.1634,-0.0921 c 0.18071,-0.10187 0.23964,-0.13623 0.51742,-0.30169 0.2084,-0.12413 2.83435,-1.67465 4.33828,-2.56158 0.5225,-0.30814 1.00262,-0.59179 1.06695,-0.63035 0.13462,-0.0807 0.10118,-0.0918 0.56387,0.18748 0.16545,0.0999 0.75682,0.44883 1.31415,0.77547 0.55732,0.32664 1.15229,0.67784 1.32215,0.78046 0.30177,0.1823 2.38645,1.41185 2.88946,1.70421 l 0.25333,0.14725 0.008,1.81121 c 0.004,0.99617 -1.3e-4,1.81121 -0.0103,1.81121 -0.0102,0 -0.12072,-0.0593 -0.24567,-0.13187 -0.23774,-0.13798 -1.34752,-0.79148 -1.62051,-0.95423 -0.0871,-0.0519 -0.20108,-0.11883 -0.25333,-0.14868 -0.0523,-0.0299 -0.323,-0.18983 -0.60166,-0.35549 -0.467,-0.27763 -0.82362,-0.48775 -2.07414,-1.22207 -0.25254,-0.1483 -0.65508,-0.38746 -0.89454,-0.53148 -0.23946,-0.14401 -0.4619,-0.27026 -0.49431,-0.28055 -0.0376,-0.0119 -0.13656,0.0285 -0.27341,0.1116 -0.11797,0.0717 -0.2589,0.15554 -0.31318,0.18639 -0.0543,0.0309 -0.69719,0.40921 -1.42869,0.8408 -0.73149,0.43159 -1.41548,0.83462 -1.51998,0.89563 -0.10449,0.061 -0.32537,0.19229 -0.49082,0.29173 -0.16546,0.0994 -0.60008,0.35616 -0.96582,0.57046 -0.36575,0.2143 -0.76475,0.44925 -0.88666,0.52211 -0.12191,0.0728 -0.25372,0.14943 -0.29291,0.17017 l -0.0712,0.0377 z" id="path11738"/>
                    </g>
                  </g>
                </g>
              </g>
            </g>
          </svg>
          </a>
        <a  href="https://learn.microsoft.com/en-us/users/konstantinospechlivanidis-7255/" aria-label="View the homepage">
          <svg xmlns:inkscape="http://www.inkscape.org/namespaces/inkscape" xmlns:sodipodi="http://sodipodi.sourceforge.net/DTD/sodipodi-0.dtd" xmlns="http://www.w3.org/2000/svg" xmlns:svg="http://www.w3.org/2000/svg" width="17.472618mm" height="17.472618mm" viewBox="0 0 17.472618 17.472618" version="1.1" id="svg11035" inkscape:export-filename="bitmap.png" inkscape:export-xdpi="96" inkscape:export-ydpi="96" inkscape:version="1.2.1 (9c6d41e410, 2022-07-14)" sodipodi:docname="drawing2.svg">
            <sodipodi:namedview id="namedview11037" pagecolor="#ffffff" bordercolor="#999999" borderopacity="1" inkscape:showpageshadow="0" inkscape:pageopacity="0" inkscape:pagecheckerboard="0" inkscape:deskcolor="#d1d1d1" inkscape:document-units="mm" showgrid="false" inkscape:zoom="6.0934343" inkscape:cx="4.923332" inkscape:cy="39.714878" inkscape:window-width="1920" inkscape:window-height="1009" inkscape:window-x="-8" inkscape:window-y="-8" inkscape:window-maximized="1" inkscape:current-layer="layer1"/>
            <defs id="defs11032"/>
            <g inkscape:label="Layer 1" inkscape:groupmode="layer" id="layer1" transform="translate(-87.007112,-132.42553)">
              <g id="g10820" transform="matrix(0.59845312,0,0,0.59845312,58.634859,56.512785)">
                <g id="g10713" transform="translate(42.539389,-62.979468)">
                  <g id="g10821-0-5" transform="translate(-61.806442,42.803424)" style="fill:#606c76;fill-opacity:1">
                    <rect style="fill:#606c76;fill-opacity:1;stroke-width:0.258" id="rect1069-4-3" width="29.196302" height="29.196302" x="66.676369" y="147.02432" ry="0.97348827"/>
                    <rect style="fill:#008080;stroke-width:0.0734395" id="rect517-0-8" width="0.072110236" height="0.036055118" x="-73.30851" y="-168.96954" ry="0.018027559" transform="scale(-1)"/>
                    <rect style="fill:#ececec;fill-opacity:1;stroke-width:0.258" id="rect1053-0-1" width="27.106329" height="27.106329" x="148.06931" y="-94.827682" transform="rotate(90)" ry="0.97348827"/>
                    <path style="fill:#606c76;fill-opacity:1;stroke-width:0.026893" d="m 89.201807,169.43469 4.65861,-4.64821 -0.008,4.31726 c -0.007,4.10359 -0.01,4.32368 -0.0578,4.44673 -0.0675,0.17379 -0.24265,0.36692 -0.4151,0.4579 l -0.1413,0.0745 -3.33707,0.008 c -1.83538,0.004 -3.79187,0.004 -4.34776,0 l -1.01071,-0.008 z" id="path1059-6-9"/>
                  </g>
                  <g id="g9925" transform="translate(-65.095573,85.275836)" style="fill:#606c76;fill-opacity:1">
                    <rect style="fill:#606c76;fill-opacity:1;stroke:#edebf1;stroke-width:0.0915538" id="rect9446" width="6.0302711" height="6.0302711" x="78.430878" y="112.98653" ry="0"/>
                    <rect style="fill:#606c76;fill-opacity:1;stroke:#edebf1;stroke-width:0.0915538" id="rect9446-6" width="6.0302711" height="6.0302711" x="84.666153" y="112.98653" ry="0"/>
                    <rect style="fill:#606c76;fill-opacity:1;stroke:#edebf1;stroke-width:0.0915538" id="rect9446-3" width="6.0302711" height="6.0302711" x="78.430878" y="119.28332" ry="0"/>
                    <rect style="fill:#606c76;fill-opacity:1;stroke:#edebf1;stroke-width:0.0915538" id="rect9446-0" width="6.0302711" height="6.0302711" x="84.666153" y="119.28332" ry="0"/>
                  </g>
                </g>
              </g>
            </g>
          </svg>
          </a>
        <a  href="https://grow.google/intl/uk/courses-and-tools/?category=career&type=online-courses&certificate=paid" aria-label="View the homepage">  
          <svg xmlns:inkscape="http://www.inkscape.org/namespaces/inkscape" xmlns:sodipodi="http://sodipodi.sourceforge.net/DTD/sodipodi-0.dtd" xmlns="http://www.w3.org/2000/svg" xmlns:svg="http://www.w3.org/2000/svg" width="17.472618mm" height="17.472618mm" viewBox="0 0 17.472618 17.472618" version="1.1" id="svg11035" inkscape:export-filename="bitmap.png" inkscape:export-xdpi="96" inkscape:export-ydpi="96" inkscape:version="1.2.1 (9c6d41e410, 2022-07-14)" sodipodi:docname="drawing3.svg">
            <sodipodi:namedview id="namedview11037" pagecolor="#ffffff" bordercolor="#999999" borderopacity="1" inkscape:showpageshadow="0" inkscape:pageopacity="0" inkscape:pagecheckerboard="0" inkscape:deskcolor="#d1d1d1" inkscape:document-units="mm" showgrid="false" inkscape:zoom="6.0934343" inkscape:cx="5.0053875" inkscape:cy="39.714878" inkscape:window-width="1920" inkscape:window-height="1009" inkscape:window-x="-8" inkscape:window-y="-8" inkscape:window-maximized="1" inkscape:current-layer="layer1"/>
            <defs id="defs11032"/>
            <g inkscape:label="Layer 1" inkscape:groupmode="layer" id="layer1" transform="translate(-87.007112,-132.42553)">
              <g id="g10701" transform="matrix(0.59845309,0,0,0.59845309,56.705045,50.295083)">
                <g id="g10821-0-5-49" transform="translate(-16.042379,-9.7864183)" style="fill:#606c76;fill-opacity:1">
                  <rect style="fill:#606c76;fill-opacity:1;stroke-width:0.258" id="rect1069-4-3-5" width="29.196302" height="29.196302" x="66.676369" y="147.02432" ry="0.97348827"/>
                  <rect style="fill:#008080;stroke-width:0.0734395" id="rect517-0-8-81" width="0.072110236" height="0.036055118" x="-73.30851" y="-168.96954" ry="0.018027559" transform="scale(-1)"/>
                  <rect style="fill:#ececec;fill-opacity:1;stroke-width:0.258" id="rect1053-0-1-5" width="27.106329" height="27.106329" x="148.06931" y="-94.827682" transform="rotate(90)" ry="0.97348827"/>
                  <path style="fill:#606c76;fill-opacity:1;stroke-width:0.026893" d="m 89.201807,169.43469 4.65861,-4.64821 -0.008,4.31726 c -0.007,4.10359 -0.01,4.32368 -0.0578,4.44673 -0.0675,0.17379 -0.24265,0.36692 -0.4151,0.4579 l -0.1413,0.0745 -3.33707,0.008 c -1.83538,0.004 -3.79187,0.004 -4.34776,0 l -1.01071,-0.008 z" id="path1059-6-9-8"/>
                </g>
                <g id="g10459" transform="matrix(0.14903994,0,0,0.14903994,54.052282,140.65819)" style="fill:#606c76;fill-opacity:1">
                  <path class="st14" d="m 120,76.1 c 0,-3.1 -0.3,-6.3 -0.8,-9.3 H 75.9 v 17.7 h 24.8 c -1,5.7 -4.3,10.7 -9.2,13.9 l 14.8,11.5 C 115,101.8 120,90 120,76.1 Z" id="path10451" style="fill:#606c76;fill-opacity:1"/>
                  <path class="st15" d="m 75.9,120.9 c 12.4,0 22.8,-4.1 30.4,-11.1 L 91.5,98.4 c -4.1,2.8 -9.4,4.4 -15.6,4.4 -12,0 -22.1,-8.1 -25.8,-18.9 L 34.9,95.6 c 7.8,15.5 23.6,25.3 41,25.3 z" id="path10453" style="fill:#606c76;fill-opacity:1"/>
                  <path class="st12" d="m 50.1,83.8 c -1.9,-5.7 -1.9,-11.9 0,-17.6 L 34.9,54.4 c -6.5,13 -6.5,28.3 0,41.2 z" id="path10455" style="fill:#606c76;fill-opacity:1"/>
                  <path class="st13" d="m 75.9,47.3 c 6.5,-0.1 12.9,2.4 17.6,6.9 L 106.6,41 C 98.3,33.2 87.3,29 75.9,29.1 c -17.4,0 -33.2,9.8 -41,25.3 L 50.1,66.2 C 53.8,55.3 63.9,47.3 75.9,47.3 Z" id="path10457" style="fill:#606c76;fill-opacity:1"/>
                </g>
              </g>
            </g>
          </svg>
          </a>
        <a  href="https://ou-identity.open.ac.uk/OU-Identity/authentication/login?samlContext=eu1_638227529589_27dfe0e7-235e-4d51-915b-f48ba15311a8" aria-label="View the homepage">  
          <svg xmlns:inkscape="http://www.inkscape.org/namespaces/inkscape" xmlns:sodipodi="http://sodipodi.sourceforge.net/DTD/sodipodi-0.dtd" xmlns="http://www.w3.org/2000/svg" xmlns:svg="http://www.w3.org/2000/svg" width="17.472618mm" height="17.472618mm" viewBox="0 0 17.472618 17.472618" version="1.1" id="svg11035" inkscape:export-filename="bitmap.png" inkscape:export-xdpi="96" inkscape:export-ydpi="96" inkscape:version="1.2.1 (9c6d41e410, 2022-07-14)" sodipodi:docname="drawing6.svg">
            <sodipodi:namedview id="namedview11037" pagecolor="#ffffff" bordercolor="#999999" borderopacity="1" inkscape:showpageshadow="0" inkscape:pageopacity="0" inkscape:pagecheckerboard="0" inkscape:deskcolor="#d1d1d1" inkscape:document-units="mm" showgrid="false" inkscape:zoom="8.6174174" inkscape:cx="17.754739" inkscape:cy="31.796069" inkscape:window-width="1920" inkscape:window-height="1009" inkscape:window-x="-8" inkscape:window-y="-8" inkscape:window-maximized="1" inkscape:current-layer="layer1"/>
            <defs id="defs11032"/>
            <g inkscape:label="Layer 1" inkscape:groupmode="layer" id="layer1" transform="translate(-87.007112,-132.42553)">
              <g id="g10821-0-5-4" transform="matrix(0.59845313,0,0,0.59845313,47.10443,44.438363)" style="fill:#606c76;fill-opacity:1">
                <rect style="fill:#606c76;fill-opacity:1;stroke-width:0.258" id="rect1069-4-3-6" width="29.196302" height="29.196302" x="66.676369" y="147.02432" ry="0.97348827"/>
                <rect style="fill:#008080;stroke-width:0.0734395" id="rect517-0-8-8" width="0.072110236" height="0.036055118" x="-73.30851" y="-168.96954" ry="0.018027559" transform="scale(-1)"/>
                <rect style="fill:#ececec;fill-opacity:1;stroke-width:0.258" id="rect1053-0-1-8" width="27.106329" height="27.106329" x="148.06931" y="-94.827682" transform="rotate(90)" ry="0.97348827"/>
                <path style="fill:#606c76;fill-opacity:1;stroke-width:0.026893" d="m 89.201807,169.43469 4.65861,-4.64821 -0.008,4.31726 c -0.007,4.10359 -0.01,4.32368 -0.0578,4.44673 -0.0675,0.17379 -0.24265,0.36692 -0.4151,0.4579 l -0.1413,0.0745 -3.33707,0.008 c -1.83538,0.004 -3.79187,0.004 -4.34776,0 l -1.01071,-0.008 z" id="path1059-6-9-9"/>
              </g>
              <path d="m 99.069209,136.56996 h -6.649363 a 0.54326702,0.54326702 0 0 0 -0.543898,0.5439 v 4.77239 a 3.8674735,3.8674735 0 1 0 7.734945,0 v -4.77239 a 0.54326702,0.54326702 0 0 0 -0.543904,-0.5439 z m -4.351048,4.59885 a 1.7520401,1.7520401 0 1 1 1.752044,-1.75204 1.7521984,1.7521984 0 0 1 -1.752044,1.75204 z" fill="#24285c" id="path10047" style="fill:#606c76;fill-opacity:1;stroke-width:0.158341"/>
            </g>
          </svg>
          </a>
        <a  href="https://www.futurelearn.com/courses?filter_category=17&filter_course_type=sponsored&filter_availability=started" aria-label="View the homepage">  
          <svg xmlns:inkscape="http://www.inkscape.org/namespaces/inkscape" xmlns:sodipodi="http://sodipodi.sourceforge.net/DTD/sodipodi-0.dtd" xmlns="http://www.w3.org/2000/svg" xmlns:svg="http://www.w3.org/2000/svg" width="17.472618mm" height="17.472618mm" viewBox="0 0 17.472618 17.472618" version="1.1" id="svg11035" inkscape:export-filename="bitmap.png" inkscape:export-xdpi="96" inkscape:export-ydpi="96" inkscape:version="1.2.1 (9c6d41e410, 2022-07-14)" sodipodi:docname="drawing7.svg">
            <sodipodi:namedview id="namedview11037" pagecolor="#ffffff" bordercolor="#999999" borderopacity="1" inkscape:showpageshadow="0" inkscape:pageopacity="0" inkscape:pagecheckerboard="0" inkscape:deskcolor="#d1d1d1" inkscape:document-units="mm" showgrid="false" inkscape:zoom="8.6174174" inkscape:cx="27.502439" inkscape:cy="24.137162" inkscape:window-width="1920" inkscape:window-height="1009" inkscape:window-x="-8" inkscape:window-y="-8" inkscape:window-maximized="1" inkscape:current-layer="layer1"/>
            <defs id="defs11032"/>
            <g inkscape:label="Layer 1" inkscape:groupmode="layer" id="layer1" transform="translate(-87.007112,-132.42553)">
              <g id="g14803" transform="matrix(0.59845313,0,0,0.59845313,24.488489,102.04743)">
                <g id="g14695-2" transform="translate(22.293053,-46.359419)">
                  <g id="g10821-0-8" transform="translate(15.49761,-49.90387)">
                    <rect style="fill:#606c76;fill-opacity:1;stroke-width:0.258" id="rect1069-4-1" width="29.196302" height="29.196302" x="66.676369" y="147.02432" ry="0.97348827"/>
                    <rect style="fill:#008080;stroke-width:0.0734395" id="rect517-0-0" width="0.072110236" height="0.036055118" x="-73.30851" y="-168.96954" ry="0.018027559" transform="scale(-1)"/>
                    <rect style="fill:#ececec;fill-opacity:1;stroke-width:0.258" id="rect1053-0-2" width="27.106329" height="27.106329" x="148.06931" y="-94.827682" transform="rotate(90)" ry="0.97348827"/>
                    <path style="fill:#606c76;fill-opacity:1;stroke-width:0.026893" d="m 89.201807,169.43469 4.65861,-4.64821 -0.008,4.31726 c -0.007,4.10359 -0.01,4.32368 -0.0578,4.44673 -0.0675,0.17379 -0.24265,0.36692 -0.4151,0.4579 l -0.1413,0.0745 -3.33707,0.008 c -1.83538,0.004 -3.79187,0.004 -4.34776,0 l -1.01071,-0.008 z" id="path1059-6-5"/>
                  </g>
                </g>
                <g id="g14719" transform="matrix(0.17078429,0,0,0.17078429,73.44633,52.47524)">
                  <path d="m 302.65671,35.282014 v 26.675255 h -25.46714 v 23.485817 h -25.70875 v 23.389174 h -26.67526 v 6.76547 h 33.39239 V 92.160226 h 25.75709 V 68.674404 h 25.46714 v -33.39239 z" fill="#de00a5" id="path14709" style="fill:#606c76;fill-opacity:1;stroke-width:0.483247"/>
                </g>
              </g>
            </g>
          </svg>
          </a>
		<a  href="https://app.pluralsight.com/profile/konstantinos-pec-de" aria-label="View the homepage"> 
			  <svg xmlns:inkscape="http://www.inkscape.org/namespaces/inkscape" xmlns:sodipodi="http://sodipodi.sourceforge.net/DTD/sodipodi-0.dtd" xmlns="http://www.w3.org/2000/svg" xmlns:svg="http://www.w3.org/2000/svg" width="17.472618mm" height="17.472618mm" viewBox="0 0 17.472618 17.472618" version="1.1" id="svg11035" inkscape:export-filename="bitmap.png" inkscape:export-xdpi="96" inkscape:export-ydpi="96" inkscape:version="1.2.1 (9c6d41e410, 2022-07-14)" sodipodi:docname="drawing9.svg">
				<sodipodi:namedview id="namedview11037" pagecolor="#ffffff" bordercolor="#999999" borderopacity="1" inkscape:showpageshadow="0" inkscape:pageopacity="0" inkscape:pagecheckerboard="0" inkscape:deskcolor="#d1d1d1" inkscape:document-units="mm" showgrid="false" inkscape:zoom="8.6174174" inkscape:cx="21.468149" inkscape:cy="40.383329" inkscape:window-width="1920" inkscape:window-height="1009" inkscape:window-x="-8" inkscape:window-y="-8" inkscape:window-maximized="1" inkscape:current-layer="layer1"/>
				<defs id="defs11032"/>
				<g inkscape:label="Layer 1" inkscape:groupmode="layer" id="layer1" transform="translate(-87.007112,-132.42553)">
				  <g id="g1051-8" transform="matrix(0,-0.598453,0.598453,0,3.6968085,200.43925)">
					<g id="g12209">
					  <g id="g1065-9" transform="rotate(90,94.070241,166.60331)">
						<g id="g11752-5">
						  <g id="g10821-6">
							<rect style="fill:#606c76;fill-opacity:1;stroke-width:0.258" id="rect1069-3" width="29.196302" height="29.196302" x="66.676369" y="147.02432" ry="0.97348827"/>
							<rect style="fill:#008080;stroke-width:0.0734395" id="rect517-4" width="0.072110236" height="0.036055118" x="-73.30851" y="-168.96954" ry="0.018027559" transform="scale(-1)"/>
							<rect style="fill:#ececec;fill-opacity:1;stroke-width:0.258" id="rect1053-3" width="27.106329" height="27.106329" x="148.06931" y="-94.827682" transform="rotate(90)" ry="0.97348827"/>
							<path style="fill:#606c76;fill-opacity:1;stroke-width:0.026893" d="m 89.201807,169.43469 4.65861,-4.64821 -0.008,4.31726 c -0.007,4.10359 -0.01,4.32368 -0.0578,4.44673 -0.0675,0.17379 -0.24265,0.36692 -0.4151,0.4579 l -0.1413,0.0745 -3.33707,0.008 c -1.83538,0.004 -3.79187,0.004 -4.34776,0 l -1.01071,-0.008 z" id="path1059-0"/>
						  </g>
						</g>
					  </g>
					  <g id="g11790" transform="matrix(0,0.06480974,-0.06480974,0,107.16759,212.68625)">
						<g id="g12081" transform="translate(-1036.4847,-2.7639593)">
						  <path d="M 256,128 C 256,198.69512 198.68989,256 127.99663,256 57.303365,256 0,198.69512 0,128 0,57.304875 57.303365,0 127.99663,0 198.68989,0 256,57.304875 256,128" fill="url(#pluralsightLinearGradient-1)" id="path11784" style="fill:#606c76;fill-opacity:1"/>
						  <path d="M 95.091882,61.478854 V 194.50765 L 210.29896,127.99663 Z m 11.028958,19.10337 82.12021,47.414406 -82.12021,47.4144 z" fill="#fffffe" id="path11786"/>
						  <path d="M 68.60889,76.002003 V 179.98451 l 90.04622,-51.99463 z m 11.028959,19.10337 56.966091,32.884507 -56.966091,32.898 z" fill="#fffffe" id="path11788"/>
						</g>
					  </g>
					</g>
				  </g>
				</g>
			  </svg>
			</a>
        <a  href="https://trello.com/w/kopechlisuser" aria-label="View the homepage"> 
          <svg xmlns:inkscape="http://www.inkscape.org/namespaces/inkscape" xmlns:sodipodi="http://sodipodi.sourceforge.net/DTD/sodipodi-0.dtd" xmlns="http://www.w3.org/2000/svg" xmlns:svg="http://www.w3.org/2000/svg" width="17.472618mm" height="17.472618mm" viewBox="0 0 17.472618 17.472618" version="1.1" id="svg11035" inkscape:export-filename="bitmap.png" inkscape:export-xdpi="96" inkscape:export-ydpi="96" inkscape:version="1.2.1 (9c6d41e410, 2022-07-14)" sodipodi:docname="drawing10.svg">
            <sodipodi:namedview id="namedview11037" pagecolor="#ffffff" bordercolor="#999999" borderopacity="1" inkscape:showpageshadow="0" inkscape:pageopacity="0" inkscape:pagecheckerboard="0" inkscape:deskcolor="#d1d1d1" inkscape:document-units="mm" showgrid="false" inkscape:zoom="4.3087087" inkscape:cx="2.6690131" inkscape:cy="14.853638" inkscape:window-width="1920" inkscape:window-height="1009" inkscape:window-x="-8" inkscape:window-y="-8" inkscape:window-maximized="1" inkscape:current-layer="g10713"/>
            <defs id="defs11032"/>
            <g inkscape:label="Layer 1" inkscape:groupmode="layer" id="layer1" transform="translate(-87.007112,-132.42553)">
              <g id="g10820" transform="matrix(0.59845312,0,0,0.59845312,58.634859,56.512785)">
                <g id="g10713" transform="translate(42.539389,-62.979468)">
                  <g id="g938" transform="translate(1.1380912,1.2485579)">
                    <g id="g10821-0-5" transform="translate(-62.944533,41.554861)" style="fill:#606c76;fill-opacity:1">
                      <rect style="fill:#606c76;fill-opacity:1;stroke-width:0.258" id="rect1069-4-3" width="29.196302" height="29.196302" x="66.676369" y="147.02432" ry="0.97348827"/>
                      <rect style="fill:#008080;stroke-width:0.0734395" id="rect517-0-8" width="0.072110236" height="0.036055118" x="-73.30851" y="-168.96954" ry="0.018027559" transform="scale(-1)"/>
                      <rect style="fill:#ececec;fill-opacity:1;stroke-width:0.258" id="rect1053-0-1" width="27.106329" height="27.106329" x="148.06931" y="-94.827682" transform="rotate(90)" ry="0.97348827"/>
                      <path style="fill:#606c76;fill-opacity:1;stroke-width:0.026893" d="m 89.201807,169.43469 4.65861,-4.64821 -0.008,4.31726 c -0.007,4.10359 -0.01,4.32368 -0.0578,4.44673 -0.0675,0.17379 -0.24265,0.36692 -0.4151,0.4579 l -0.1413,0.0745 -3.33707,0.008 c -1.83538,0.004 -3.79187,0.004 -4.34776,0 l -1.01071,-0.008 z" id="path1059-6-9"/>
                    </g>
                    <path d="M 23.890209,195.78006 H 12.78769 c -1.023732,0 -1.852623,0.82889 -1.852623,1.84932 -0.0032,0 0,-0.1321 0,11.09592 0,1.02042 0.828891,1.84931 1.84932,1.84931 h 11.102521 c 1.017125,-0.007 1.839411,-0.83219 1.839411,-1.84931 v -11.09592 c 0.0033,-1.01713 -0.818984,-1.84272 -1.83611,-1.84932 z m -6.449502,11.2049 c -0.0066,0.48544 -0.399583,0.87842 -0.888332,0.87842 h -2.731049 c -0.488748,0.003 -0.888334,-0.38968 -0.891636,-0.87842 v -8.39459 c 0,-0.48875 0.396283,-0.88834 0.888334,-0.88834 h 2.737653 c 0.488749,0 0.888334,0.39629 0.888334,0.88834 v 8.39459 z m 6.376851,-3.69866 c 0,0.48876 -0.396283,0.88835 -0.888334,0.88835 h -2.674909 c -0.488749,0 -0.888333,-0.39629 -0.888333,-0.88835 v -4.69263 c 0,-0.48875 0.396282,-0.88834 0.885032,-0.88834 h 2.67821 c 0.488748,0 0.888334,0.39629 0.888334,0.88834 z" id="path2" style="fill:#606c76;fill-opacity:1;stroke-width:0.0330237"/>
                  </g>
                </g>
              </g>
            </g>
          </svg>
          </a>
        <a  href="https://open.hpi.de/" aria-label="View the homepage"> 
          <svg xmlns:inkscape="http://www.inkscape.org/namespaces/inkscape" xmlns:sodipodi="http://sodipodi.sourceforge.net/DTD/sodipodi-0.dtd" xmlns="http://www.w3.org/2000/svg" xmlns:svg="http://www.w3.org/2000/svg" width="17.472618mm" height="17.472618mm" viewBox="0 0 17.472618 17.472618" version="1.1" id="svg11035" inkscape:export-filename="bitmap.png" inkscape:export-xdpi="96" inkscape:export-ydpi="96" inkscape:version="1.2.1 (9c6d41e410, 2022-07-14)" sodipodi:docname="drawing11.svg">
            <sodipodi:namedview id="namedview11037" pagecolor="#ffffff" bordercolor="#999999" borderopacity="1" inkscape:showpageshadow="0" inkscape:pageopacity="0" inkscape:pagecheckerboard="0" inkscape:deskcolor="#d1d1d1" inkscape:document-units="mm" showgrid="false" inkscape:zoom="2.1543544" inkscape:cx="-9.9797881" inkscape:cy="48.274324" inkscape:window-width="1920" inkscape:window-height="1009" inkscape:window-x="-8" inkscape:window-y="-8" inkscape:window-maximized="1" inkscape:current-layer="g10713"/>
            <defs id="defs11032"/>
            <g inkscape:label="Layer 1" inkscape:groupmode="layer" id="layer1" transform="translate(-87.007112,-132.42553)">
              <g id="g10820" transform="matrix(0.59845312,0,0,0.59845312,58.634859,56.512785)">
                <g id="g10713" transform="translate(42.539389,-62.979468)">
                  <g id="g541" transform="translate(-48.24362,12.038687)">
                    <g id="g10821-0-5-8" transform="translate(-13.56282,30.764739)" style="fill:#606c76;fill-opacity:1">
                      <rect style="fill:#606c76;fill-opacity:1;stroke-width:0.258" id="rect1069-4-3-4" width="29.196302" height="29.196302" x="66.676369" y="147.02432" ry="0.97348827"/>
                      <rect style="fill:#008080;stroke-width:0.0734395" id="rect517-0-8-2" width="0.072110236" height="0.036055118" x="-73.30851" y="-168.96954" ry="0.018027559" transform="scale(-1)"/>
                      <rect style="fill:#ececec;fill-opacity:1;stroke-width:0.258" id="rect1053-0-1-9" width="27.106329" height="27.106329" x="148.06931" y="-94.827682" transform="rotate(90)" ry="0.97348827"/>
                      <path style="fill:#606c76;fill-opacity:1;stroke-width:0.026893" d="m 89.201807,169.43469 4.65861,-4.64821 -0.008,4.31726 c -0.007,4.10359 -0.01,4.32368 -0.0578,4.44673 -0.0675,0.17379 -0.24265,0.36692 -0.4151,0.4579 l -0.1413,0.0745 -3.33707,0.008 c -1.83538,0.004 -3.79187,0.004 -4.34776,0 l -1.01071,-0.008 z" id="path1059-6-9-0"/>
                    </g>
                    <text xml:space="preserve" style="font-weight:bold;font-size:10.15px;font-family:sans-serif;-inkscape-font-specification:'sans-serif Bold';fill:#606c76;stroke:#edebf1;stroke-width:0.179824" x="58.373703" y="196.01076" id="text532"><tspan sodipodi:role="line" id="tspan530" style="stroke-width:0.179824" x="58.373703" y="196.01076">HPI</tspan></text>
                  </g>
                </g>
              </g>
            </g>
          </svg>
          </a>
		  <a  href="https://trailhead.salesforce.com/today" aria-label="View the homepage">
			<svg xmlns:inkscape="http://www.inkscape.org/namespaces/inkscape" xmlns:sodipodi="http://sodipodi.sourceforge.net/DTD/sodipodi-0.dtd" xmlns="http://www.w3.org/2000/svg" xmlns:svg="http://www.w3.org/2000/svg" width="17.472618mm" height="17.472618mm" viewBox="0 0 29.196302 29.196302" version="1.1" id="svg1">
			  <sodipodi:namedview id="namedview1" pagecolor="#ffffff" bordercolor="#000000" borderopacity="0.25" inkscape:showpageshadow="2" inkscape:pageopacity="0.0" inkscape:pagecheckerboard="0" inkscape:deskcolor="#d1d1d1" inkscape:document-units="mm"/>
			  <defs id="defs1"/>
			  <g inkscape:label="Layer 1" inkscape:groupmode="layer" id="layer1" transform="translate(-78.845831,-118.26875)">
				<g id="g3" transform="translate(-7.6729175,-38.629157)">
				  <g id="g10820" transform="translate(39.109433,30.049631)">
					<g id="g10713" transform="translate(42.539389,-62.979468)">
					  <g id="g10821-0-5" transform="translate(-61.806442,42.803424)" style="fill:#606c76;fill-opacity:1">
						<rect style="fill:#606c76;fill-opacity:1;stroke-width:0.258" id="rect1069-4-3" width="29.196302" height="29.196302" x="66.676369" y="147.02432" ry="0.97348827"/>
						<rect style="fill:#008080;stroke-width:0.0734395" id="rect517-0-8" width="0.072110236" height="0.036055118" x="-73.30851" y="-168.96954" ry="0.018027559" transform="scale(-1)"/>
						<rect style="fill:#ececec;fill-opacity:1;stroke-width:0.258" id="rect1053-0-1" width="27.106329" height="27.106329" x="148.06931" y="-94.827682" transform="rotate(90)" ry="0.97348827"/>
						<path style="fill:#606c76;fill-opacity:1;stroke-width:0.026893" d="m 89.201807,169.43469 4.65861,-4.64821 -0.008,4.31726 c -0.007,4.10359 -0.01,4.32368 -0.0578,4.44673 -0.0675,0.17379 -0.24265,0.36692 -0.4151,0.4579 l -0.1413,0.0745 -3.33707,0.008 c -1.83538,0.004 -3.79187,0.004 -4.34776,0 l -1.01071,-0.008 z" id="path1059-6-9"/>
					  </g>
					</g>
				  </g>
				  <g style="fill:#606c76;fill-opacity:1" id="g2" transform="matrix(0.36672872,0,0,0.36672872,91.581953,160.31446)">
					<path d="m 22.21,36.21 a 2.72,2.72 0 0 1 -0.11,0.25 6.89,6.89 0 0 0 2.42,7.85 c 1.58,1.24 1.89,1.76 1.73,2.92 A 7.59,7.59 0 0 1 25.15,50 44.87,44.87 0 0 1 2,42.64 v 0 -3.7 c 0,-0.93 0,-1.83 0.1,-2.73 z m 27.69,0 c 0.05,0.9 0.1,1.8 0.1,2.73 v 0 3.69 a 45,45 0 0 1 -20.31,7.2 10,10 0 0 0 0.54,-2 C 30.76,44.1 28.4,42.26 26.99,41.16 a 2.83,2.83 0 0 1 -1.12,-3.25 8.24,8.24 0 0 1 0.89,-1.67 H 49.9 Z m -27.4,-16.62 4.4,6.47 -4.16,6.13 h -8.8 z M 26,2 A 39.25,39.25 0 0 1 49.48,32.19 H 43.6 l -8.77,-12.9 a 2.08,2.08 0 0 0 -3.33,0 v 0 l -2.17,3.19 -5.17,-7.6 a 2.09,2.09 0 0 0 -3.33,0 v 0 L 9.08,32.19 H 2.52 A 39.25,39.25 0 0 1 26,2 Z m 7.17,22 5.56,8.19 H 27.61 Z" fill-rule="evenodd" id="path1" style="fill:#606c76;fill-opacity:1"/>
				  </g>
				</g>
			  </g>
			</svg>
		  </a>
	</blockquote>